1 0
2 -4.4e-06
3 -5.46666666666667e-06
4 -5.8e-06
5 -3.86666666666667e-06
6 -2.46666666666667e-06
7 -2.46666666666667e-06
8 -3.06666666666667e-06
9 -4.06666666666667e-06
10 -4.4e-06
11 -4.93333333333333e-06
12 -5.86666666666667e-06
13 -7.73333333333333e-06
14 -6.53333333333333e-06
15 -6.2e-06
16 -4.86666666666667e-06
17 -4.73333333333333e-06
18 -3e-06
19 -1.73333333333333e-06
20 -1.53333333333333e-06
21 -1.86666666666667e-06
22 -4.33333333333333e-06
23 -5.73333333333333e-06
24 -6.06666666666667e-06
25 -4.26666666666667e-06
26 -3.26666666666667e-06
27 -2.66666666666667e-06
28 -2.73333333333333e-06
29 -2.46666666666667e-06
30 -4.73333333333333e-06
31 -7e-06
32 -8.13333333333333e-06
33 -7.33333333333333e-06
34 -4.53333333333333e-06
35 -3.46666666666667e-06
36 -3e-06
37 -2.93333333333333e-06
38 -2.86666666666667e-06
39 -1.6e-06
40 -1.8e-06
41 -1.66666666666667e-06
42 -1.73333333333333e-06
43 -1.66666666666667e-06
44 -2.53333333333333e-06
45 -3.66666666666667e-06
46 -4.26666666666667e-06
47 -4.93333333333333e-06
48 -5.53333333333333e-06
49 -4.46666666666667e-06
50 -3.2e-06
51 -2.73333333333333e-06
52 -5e-06
53 -7.33333333333334e-06
54 -8.86666666666667e-06
55 -7.53333333333333e-06
56 -6.6e-06
57 -8.8e-06
58 -1.01333333333333e-05
59 -1.12666666666667e-05
60 -1.04666666666667e-05
61 -1.00666666666667e-05
62 -1.03333333333333e-05
63 -8.53333333333334e-06
64 -9.13333333333333e-06
65 -8.53333333333333e-06
66 -7.39999999999999e-06
67 -7.59999999999999e-06
68 -6.79999999999999e-06
69 -1.02666666666667e-05
70 -1.12e-05
71 -1.30666666666667e-05
72 -1.08e-05
73 -1.04e-05
74 -1.03333333333334e-05
75 -1.1e-05
76 -1e-05
77 -1.04e-05
78 -8.4e-06
79 -1.04e-05
80 -1.11333333333333e-05
81 -1.32666666666667e-05
82 -1.3e-05
83 -1.12666666666667e-05
84 -1.1e-05
85 -1.14666666666667e-05
86 -1.28e-05
87 -1.26666666666667e-05
88 -1.12666666666667e-05
89 -1.06e-05
90 -1.11333333333333e-05
91 -1.24e-05
92 -1.23333333333333e-05
93 -1.26666666666667e-05
94 -1.28e-05
95 -1.29333333333333e-05
96 -1.28e-05
97 -1.26666666666667e-05
98 -1.32666666666667e-05
99 -1.32666666666667e-05
100 -1.26e-05
101 -1.36e-05
102 -1.4e-05
103 -1.48e-05
104 -1.39333333333334e-05
105 -1.32e-05
106 -1.38666666666666e-05
107 -1.26666666666667e-05
108 -1.32666666666667e-05
109 -1.30666666666667e-05
110 -1.39333333333333e-05
111 -1.45333333333333e-05
112 -1.43333333333333e-05
113 -1.78666666666667e-05
114 -1.53333333333333e-05
115 -1.48e-05
116 -1.01333333333333e-05
117 -1.13333333333333e-05
118 -1.19333333333333e-05
119 -1.28666666666667e-05
120 -1.48e-05
121 -1.36666666666667e-05
122 -1.46666666666667e-05
123 -1.35333333333333e-05
124 -1.54e-05
125 -1.25333333333333e-05
126 -1.35999999999999e-05
127 -1.18e-05
128 -1.43333333333333e-05
129 -1.19999999999999e-05
130 -1.23333333333333e-05
131 -1.38666666666666e-05
132 -1.45333333333334e-05
133 -1.52e-05
134 -1.29333333333333e-05
135 -1.36e-05
136 -1.4e-05
137 -1.46e-05
138 -1.5e-05
139 -1.49333333333333e-05
140 -1.53333333333333e-05
141 -1.48666666666666e-05
142 -1.39333333333333e-05
143 -1.44e-05
144 -1.37333333333333e-05
145 -1.48e-05
146 -1.41333333333334e-05
147 -1.48666666666667e-05
148 -1.38666666666666e-05
149 -1.37333333333333e-05
150 -1.43999999999999e-05
151 -1.43333333333333e-05
152 -1.45333333333333e-05
153 -1.48e-05
154 -1.53333333333333e-05
155 -1.50666666666667e-05
156 -1.42666666666667e-05
157 -1.43333333333333e-05
158 -1.40666666666667e-05
159 -1.42666666666667e-05
160 -1.42666666666667e-05
161 -1.47333333333333e-05
162 -1.5e-05
163 -1.46000000000001e-05
164 -1.44666666666667e-05
165 -1.44e-05
166 -1.46666666666667e-05
167 -1.45333333333333e-05
168 -1.47333333333334e-05
169 -1.53333333333333e-05
170 -1.56666666666667e-05
171 -1.58e-05
172 -1.6e-05
173 -1.56666666666667e-05
174 -1.59333333333333e-05
175 -1.57333333333333e-05
176 -1.6e-05
177 -1.58666666666666e-05
178 -1.54e-05
179 -1.54666666666667e-05
180 -1.55333333333334e-05
181 -1.61333333333334e-05
182 -1.66666666666667e-05
183 -1.64666666666666e-05
184 -1.63333333333333e-05
185 -1.65333333333333e-05
186 -1.68666666666667e-05
187 -1.72e-05
188 -1.68666666666667e-05
189 -1.66e-05
190 -1.66e-05
191 -1.66666666666667e-05
192 -1.69333333333333e-05
193 -1.66666666666667e-05
194 -1.66666666666666e-05
195 -1.66000000000001e-05
196 -1.69333333333334e-05
197 -1.72666666666667e-05
198 -1.76666666666667e-05
199 -1.80666666666666e-05
200 -1.70666666666668e-05
201 -1.71333333333334e-05
202 -1.58666666666668e-05
203 -1.6e-05
204 -1.54666666666667e-05
205 -1.70666666666666e-05
206 -1.73333333333333e-05
207 -1.77333333333333e-05
208 -1.70666666666668e-05
209 -1.90666666666666e-05
210 -1.79333333333334e-05
211 -1.75999999999999e-05
212 -1.52000000000001e-05
213 -1.60666666666666e-05
214 -1.85333333333335e-05
215 -1.72e-05
216 -1.78666666666666e-05
217 -1.43999999999998e-05
218 -1.51333333333332e-05
219 -1.39333333333332e-05
220 -1.52666666666667e-05
221 -1.65333333333333e-05
222 -1.67333333333334e-05
223 -1.67333333333333e-05
224 -1.84666666666667e-05
225 -1.81333333333334e-05
226 -1.76666666666667e-05
227 -1.57333333333333e-05
228 -1.69333333333332e-05
229 -1.66000000000001e-05
230 -1.65333333333335e-05
231 -1.65333333333333e-05
232 -1.51333333333334e-05
233 -1.53333333333333e-05
234 -1.48666666666668e-05
235 -1.75333333333333e-05
236 -1.80666666666666e-05
237 -1.63999999999999e-05
238 -1.56666666666667e-05
239 -1.50666666666666e-05
240 -1.63999999999999e-05
241 -1.60666666666666e-05
242 -1.57333333333334e-05
243 -1.64666666666667e-05
244 -1.79333333333334e-05
245 -1.64000000000001e-05
246 -1.65333333333335e-05
247 -1.63333333333335e-05
248 -1.72666666666667e-05
249 -1.62000000000001e-05
250 -1.42e-05
251 -1.44666666666667e-05
252 -1.49333333333332e-05
253 -1.60666666666668e-05
254 -1.74666666666665e-05
255 -1.7e-05
256 -1.61333333333332e-05
257 -1.42e-05
258 -1.52666666666664e-05
259 -1.55333333333333e-05
260 -1.53999999999998e-05
261 -1.40666666666666e-05
262 -1.38666666666665e-05
263 -1.57333333333334e-05
264 -1.56666666666667e-05
265 -1.60666666666666e-05
266 -1.54666666666665e-05
267 -1.58e-05
268 -1.56000000000001e-05
269 -1.55333333333335e-05
270 -1.6e-05
271 -1.62e-05
272 -1.60666666666666e-05
273 -1.54666666666667e-05
274 -1.58666666666666e-05
275 -1.63999999999999e-05
276 -1.64666666666667e-05
277 -1.64666666666667e-05
278 -1.60666666666668e-05
279 -1.65333333333333e-05
280 -1.66000000000001e-05
281 -1.7e-05
282 -1.70666666666666e-05
283 -1.7e-05
284 -1.63999999999999e-05
285 -1.62000000000001e-05
286 -1.55999999999999e-05
287 -1.73333333333333e-05
288 -1.65999999999999e-05
289 -1.65333333333335e-05
290 -1.7e-05
291 -1.76000000000001e-05
292 -1.79333333333332e-05
293 -1.61333333333334e-05
294 -1.62e-05
295 -1.65333333333333e-05
296 -1.71333333333334e-05
297 -1.82666666666667e-05
298 -1.82666666666667e-05
299 -1.65999999999999e-05
300 -1.59333333333332e-05
301 -1.64666666666667e-05
302 -1.7e-05
303 -1.72e-05
304 -1.62666666666666e-05
305 -1.61333333333334e-05
306 -1.58666666666668e-05
307 -1.66666666666667e-05
308 -1.70666666666668e-05
309 -1.71333333333332e-05
310 -1.64000000000001e-05
311 -1.65999999999999e-05
312 -1.67333333333334e-05
313 -1.68e-05
314 -1.66666666666668e-05
315 -1.59333333333332e-05
316 -1.59333333333334e-05
317 -1.62666666666664e-05
318 -1.63999999999999e-05
319 -1.67333333333333e-05
320 -1.68000000000002e-05
321 -1.71333333333335e-05
322 -1.7e-05
323 -1.71333333333332e-05
324 -1.70666666666666e-05
325 -1.71999999999998e-05
326 -1.71333333333335e-05
327 -1.74666666666665e-05
328 -1.79333333333334e-05
329 -1.79333333333331e-05
330 -1.77333333333336e-05
331 -1.72000000000001e-05
332 -1.76666666666667e-05
333 -1.70666666666666e-05
334 -1.86000000000001e-05
335 -1.92000000000001e-05
336 -2.03999999999999e-05
337 -2.00666666666666e-05
338 -1.93999999999999e-05
339 -1.7733333333333e-05
340 -1.73999999999996e-05
341 -1.83999999999996e-05
342 -1.78666666666668e-05
343 -1.67999999999999e-05
344 -1.54000000000002e-05
345 -1.66666666666667e-05
346 -1.75333333333338e-05
347 -1.73333333333333e-05
348 -1.8e-05
349 -1.50666666666666e-05
350 -1.68666666666668e-05
351 -1.58000000000002e-05
352 -1.79333333333331e-05
353 -1.74666666666665e-05
354 -1.79333333333334e-05
355 -1.70000000000003e-05
356 -1.51333333333335e-05
357 -1.50666666666666e-05
358 -1.59333333333331e-05
359 -1.75999999999998e-05
360 -1.73333333333333e-05
361 -1.9e-05
362 -1.77333333333333e-05
363 -1.73999999999996e-05
364 -1.5733333333333e-05
365 -1.51999999999998e-05
366 -1.51333333333332e-05
367 -1.48000000000002e-05
368 -1.61333333333332e-05
369 -1.70666666666666e-05
370 -1.70666666666666e-05
371 -1.63333333333333e-05
372 -1.65333333333335e-05
373 -1.70666666666666e-05
374 -1.73333333333333e-05
375 -1.72666666666667e-05
376 -1.5e-05
377 -1.34666666666667e-05
378 -1.33333333333332e-05
379 -1.64666666666667e-05
380 -1.76e-05
381 -1.81333333333333e-05
382 -1.69333333333333e-05
383 -1.69333333333333e-05
384 -1.62e-05
385 -1.6e-05
386 -1.6e-05
387 -1.75333333333333e-05
388 -1.82e-05
389 -1.79333333333333e-05
390 -1.7e-05
391 -1.7e-05
392 -1.8e-05
393 -1.66e-05
394 -1.59333333333333e-05
395 -1.56666666666666e-05
396 -1.59333333333334e-05
397 -1.56666666666667e-05
398 -1.43333333333334e-05
399 -1.53333333333334e-05
400 -1.56000000000001e-05
401 -1.66e-05
402 -1.62e-05
403 -1.43333333333333e-05
404 -1.45333333333333e-05
405 -1.38e-05
406 -1.52666666666667e-05
407 -1.68e-05
408 -1.76666666666666e-05
409 -1.87333333333333e-05
410 -1.58666666666666e-05
411 -1.45333333333333e-05
412 -1.5e-05
413 -1.47333333333334e-05
414 -1.54666666666668e-05
415 -1.38666666666669e-05
416 -1.46666666666668e-05
417 -1.52e-05
418 -1.49999999999999e-05
419 -1.50666666666666e-05
420 -1.56666666666667e-05
421 -1.44666666666667e-05
422 -1.57333333333334e-05
423 -1.56000000000001e-05
424 -1.77333333333333e-05
425 -1.61333333333333e-05
426 -1.59333333333333e-05
427 -1.53333333333333e-05
428 -1.66666666666667e-05
429 -1.45333333333333e-05
430 -1.62e-05
431 -1.62666666666667e-05
432 -2.02666666666666e-05
433 -1.90666666666668e-05
434 -1.67333333333334e-05
435 -1.44e-05
436 -1.30666666666666e-05
437 -1.51333333333333e-05
438 -1.40666666666667e-05
439 -1.58666666666666e-05
440 -1.54666666666666e-05
441 -1.68666666666666e-05
442 -1.58666666666667e-05
443 -1.59333333333334e-05
444 -1.53333333333333e-05
445 -1.62e-05
446 -1.62e-05
447 -1.64e-05
448 -1.55333333333334e-05
449 -1.52e-05
450 -1.56666666666667e-05
451 -1.62666666666667e-05
452 -1.7e-05
453 -1.62e-05
454 -1.56666666666667e-05
455 -1.51333333333334e-05
456 -1.56666666666667e-05
457 -1.67333333333334e-05
458 -1.78666666666666e-05
459 -1.71333333333334e-05
460 -1.7e-05
461 -1.45333333333334e-05
462 -1.57333333333333e-05
463 -1.47333333333333e-05
464 -1.66e-05
465 -1.61333333333333e-05
466 -1.72e-05
467 -1.68666666666666e-05
468 -1.66666666666667e-05
469 -1.58e-05
470 -1.6e-05
471 -1.76000000000001e-05
472 -1.82666666666667e-05
473 -1.70666666666668e-05
474 -1.68666666666668e-05
475 -1.59333333333334e-05
476 -1.63333333333333e-05
477 -1.51333333333334e-05
478 -1.58666666666666e-05
479 -1.69333333333334e-05
480 -1.6e-05
481 -1.72000000000001e-05
482 -1.57333333333334e-05
483 -1.78e-05
484 -1.86000000000001e-05
485 -2.01333333333334e-05
486 -1.68666666666666e-05
487 -1.42e-05
488 -1.38e-05
489 -1.52666666666667e-05
490 -1.64000000000001e-05
491 -1.68e-05
492 -1.79333333333334e-05
493 -1.73999999999999e-05
494 -1.65999999999999e-05
495 -1.55333333333333e-05
496 -1.62666666666667e-05
497 -1.59333333333334e-05
498 -1.65333333333333e-05
499 -1.55999999999999e-05
500 -1.58e-05
501 -1.44666666666667e-05
502 -1.35333333333333e-05
503 -1.43999999999999e-05
504 -1.73999999999999e-05
505 -1.83333333333333e-05
506 -1.78e-05
507 -1.67333333333334e-05
508 -1.66000000000001e-05
509 -1.74666666666667e-05
510 -1.67333333333333e-05
511 -1.77333333333333e-05
512 -1.88666666666666e-05
513 -1.73333333333333e-05
514 -1.70666666666668e-05
515 -1.63999999999999e-05
516 -1.73999999999999e-05
517 -1.75999999999999e-05
518 -1.45333333333333e-05
519 -1.56000000000001e-05
520 -1.67333333333334e-05
521 -1.82000000000001e-05
522 -1.88e-05
523 -1.6e-05
524 -1.75333333333333e-05
525 -1.64666666666667e-05
526 -2.02666666666667e-05
527 -1.82666666666667e-05
528 -1.80000000000002e-05
529 -1.58666666666668e-05
530 -1.56000000000001e-05
531 -1.53333333333332e-05
532 -1.33999999999998e-05
533 -1.44666666666665e-05
534 -1.52e-05
535 -1.78e-05
536 -1.87333333333333e-05
537 -1.88666666666666e-05
538 -1.90666666666666e-05
539 -2.01333333333334e-05
540 -2e-05
541 -1.68666666666668e-05
542 -1.56666666666667e-05
543 -1.54000000000001e-05
544 -1.63333333333332e-05
545 -1.56666666666665e-05
546 -1.62666666666664e-05
547 -1.70666666666666e-05
548 -1.59333333333334e-05
549 -1.48666666666668e-05
550 -1.56000000000002e-05
551 -1.64666666666669e-05
552 -1.65333333333335e-05
553 -1.7e-05
554 -1.66666666666667e-05
555 -1.70666666666666e-05
556 -1.57333333333333e-05
557 -1.79333333333332e-05
558 -1.78666666666666e-05
559 -1.88e-05
560 -1.67333333333334e-05
561 -1.68e-05
562 -1.56666666666667e-05
563 -1.53999999999999e-05
564 -1.60666666666666e-05
565 -1.68e-05
566 -1.78666666666666e-05
567 -1.74000000000001e-05
568 -1.7e-05
569 -1.62e-05
570 -1.68e-05
571 -1.63999999999999e-05
572 -1.68e-05
573 -1.62666666666666e-05
574 -1.69333333333334e-05
575 -1.67333333333334e-05
576 -1.66666666666667e-05
577 -1.65333333333333e-05
578 -1.72e-05
579 -1.72666666666667e-05
580 -1.73999999999999e-05
581 -1.63333333333332e-05
582 -1.64000000000001e-05
583 -1.62e-05
584 -1.73333333333333e-05
585 -1.76666666666667e-05
586 -1.76666666666667e-05
587 -1.68666666666668e-05
588 -1.65999999999998e-05
589 -1.67333333333333e-05
590 -1.70666666666666e-05
591 -1.72666666666667e-05
592 -1.77333333333336e-05
593 -1.80666666666666e-05
594 -1.76666666666667e-05
595 -1.74666666666665e-05
596 -1.73333333333333e-05
597 -1.75333333333335e-05
598 -1.76000000000001e-05
599 -1.74000000000002e-05
600 -1.81999999999998e-05
601 -1.83999999999999e-05
602 -2e-05
603 -1.92666666666667e-05
604 -2.00666666666666e-05
605 -1.67999999999999e-05
606 -1.74666666666669e-05
607 -1.46000000000002e-05
608 -1.44000000000002e-05
609 -1.16e-05
610 -1.30666666666667e-05
611 -1.52e-05
612 -1.72666666666667e-05
613 -1.69333333333333e-05
614 -1.73333333333333e-05
615 -1.70666666666667e-05
616 -1.83333333333333e-05
617 -1.76e-05
618 -1.74e-05
619 -1.63333333333333e-05
620 -1.70666666666667e-05
621 -1.79333333333333e-05
622 -1.86666666666667e-05
623 -1.84e-05
624 -1.78666666666667e-05
625 -1.73333333333333e-05
626 -1.76666666666667e-05
627 -1.79333333333333e-05
628 -1.84e-05
629 -1.84e-05
630 -1.86e-05
631 -1.85333333333333e-05
632 -1.84666666666667e-05
633 -1.85333333333333e-05
634 -1.86666666666667e-05
635 -1.9e-05
636 -1.94666666666667e-05
637 -1.86666666666667e-05
638 -1.84e-05
639 -1.77333333333333e-05
640 -1.80666666666667e-05
641 -1.83333333333333e-05
642 -1.85333333333333e-05
643 -1.94e-05
644 -1.82666666666667e-05
645 -1.88666666666667e-05
646 -1.82666666666667e-05
647 -1.83333333333333e-05
648 -1.77333333333333e-05
649 -1.74666666666667e-05
650 -1.70666666666666e-05
651 -1.89333333333333e-05
652 -1.95333333333333e-05
653 -2.02666666666667e-05
654 -1.83333333333333e-05
655 -1.86000000000001e-05
656 -1.87333333333334e-05
657 -1.91333333333334e-05
658 -1.88e-05
659 -1.92666666666667e-05
660 -1.93333333333333e-05
661 -2.00666666666667e-05
662 -1.93333333333333e-05
663 -1.92666666666667e-05
664 -1.91333333333334e-05
665 -1.80666666666667e-05
666 -1.56000000000001e-05
667 -1.52666666666667e-05
668 -1.7e-05
669 -1.87333333333333e-05
670 -1.88e-05
671 -1.87333333333334e-05
672 -1.92666666666667e-05
673 -1.98e-05
674 -2.08e-05
675 -2.02666666666666e-05
676 -1.9e-05
677 -1.74666666666667e-05
678 -1.81333333333333e-05
679 -1.82e-05
680 -1.88666666666666e-05
681 -1.86666666666667e-05
682 -1.78666666666666e-05
683 -1.78666666666666e-05
684 -1.82e-05
685 -1.90666666666666e-05
686 -1.92e-05
687 -1.9e-05
688 -1.83333333333333e-05
689 -1.88e-05
690 -1.66666666666667e-05
691 -1.62e-05
692 -1.49333333333333e-05
693 -1.73333333333333e-05
694 -1.90666666666666e-05
695 -1.93333333333333e-05
696 -1.86e-05
697 -1.72666666666667e-05
698 -1.68e-05
699 -1.6e-05
700 -1.71333333333333e-05
701 -1.82666666666667e-05
702 -2.03333333333333e-05
703 -1.90000000000001e-05
704 -1.76000000000001e-05
705 -1.66000000000001e-05
706 -1.77999999999999e-05
707 -1.80666666666666e-05
708 -1.75333333333333e-05
709 -1.68e-05
710 -1.73333333333333e-05
711 -1.74666666666667e-05
712 -1.82666666666667e-05
713 -1.9e-05
714 -1.66666666666667e-05
715 -1.40666666666668e-05
716 -1.53333333333333e-05
717 -1.8e-05
718 -2.01333333333332e-05
719 -1.88e-05
720 -1.86666666666667e-05
721 -1.78666666666668e-05
722 -1.83333333333333e-05
723 -1.80666666666668e-05
724 -1.81333333333332e-05
725 -1.67333333333333e-05
726 -1.53333333333332e-05
727 -1.54666666666665e-05
728 -1.67333333333333e-05
729 -1.79333333333332e-05
730 -2.01333333333334e-05
731 -1.74666666666665e-05
732 -1.82666666666666e-05
733 -1.69999999999998e-05
734 -1.93333333333333e-05
735 -1.94666666666665e-05
736 -1.88666666666666e-05
737 -1.81333333333332e-05
738 -1.84666666666667e-05
739 -1.92666666666667e-05
740 -1.94000000000001e-05
741 -1.89333333333334e-05
742 -1.98666666666666e-05
743 -1.93999999999999e-05
744 -1.88666666666666e-05
745 -1.79333333333332e-05
746 -1.86666666666667e-05
747 -1.92666666666667e-05
748 -1.90666666666668e-05
749 -1.82666666666667e-05
750 -1.82666666666666e-05
751 -1.82e-05
752 -1.87333333333333e-05
753 -1.86000000000001e-05
754 -1.84666666666667e-05
755 -1.78666666666666e-05
756 -1.78666666666666e-05
757 -1.69333333333332e-05
758 -1.80666666666668e-05
759 -1.72e-05
760 -1.86000000000001e-05
761 -1.76666666666667e-05
762 -1.72666666666667e-05
763 -1.8e-05
764 -1.79333333333332e-05
765 -1.85333333333333e-05
766 -1.72e-05
767 -1.71333333333334e-05
768 -1.72e-05
769 -1.74666666666667e-05
770 -1.83333333333333e-05
771 -1.68e-05
772 -1.65333333333332e-05
773 -1.59333333333332e-05
774 -1.73333333333332e-05
775 -1.84666666666668e-05
776 -1.62000000000001e-05
777 -1.52666666666668e-05
778 -1.52e-05
779 -1.63333333333333e-05
780 -1.66666666666667e-05
781 -1.64e-05
782 -1.70666666666667e-05
783 -1.88e-05
784 -1.76666666666667e-05
785 -1.82e-05
786 -1.77333333333333e-05
787 -1.80666666666667e-05
788 -1.78666666666667e-05
789 -1.73333333333333e-05
790 -1.7e-05
791 -1.78666666666667e-05
792 -1.7e-05
793 -1.7e-05
794 -1.40666666666667e-05
795 -1.48e-05
796 -1.50666666666666e-05
797 -1.75333333333333e-05
798 -1.90666666666667e-05
799 -1.86666666666667e-05
800 -1.77333333333333e-05
801 -1.64666666666667e-05
802 -1.71333333333333e-05
803 -1.81333333333333e-05
804 -1.73333333333333e-05
805 -1.6e-05
806 -1.66e-05
807 -1.80666666666667e-05
808 -1.81333333333333e-05
809 -1.67333333333333e-05
810 -1.58666666666667e-05
811 -1.73333333333333e-05
812 -1.67333333333334e-05
813 -1.71333333333333e-05
814 -1.67333333333334e-05
815 -1.83333333333333e-05
816 -1.70666666666666e-05
817 -1.73333333333333e-05
818 -1.67333333333333e-05
819 -1.72666666666667e-05
820 -1.73333333333333e-05
821 -1.74666666666667e-05
822 -1.76e-05
823 -1.78e-05
824 -1.68666666666666e-05
825 -1.74666666666666e-05
826 -1.73333333333333e-05
827 -1.70666666666666e-05
828 -1.53333333333333e-05
829 -1.42e-05
830 -1.42e-05
831 -1.66666666666667e-05
832 -1.68e-05
833 -1.81333333333334e-05
834 -1.63333333333333e-05
835 -1.87333333333334e-05
836 -1.87333333333334e-05
837 -2.01333333333334e-05
838 -1.62666666666667e-05
839 -1.64666666666667e-05
840 -1.52666666666667e-05
841 -1.62666666666667e-05
842 -1.50666666666668e-05
843 -1.4e-05
844 -1.26666666666666e-05
845 -1.18666666666666e-05
846 -1.23999999999999e-05
847 -1.51333333333333e-05
848 -1.54e-05
849 -1.62e-05
850 -1.54666666666668e-05
851 -1.50666666666667e-05
852 -1.47333333333334e-05
853 -1.40666666666667e-05
854 -1.49333333333333e-05
855 -1.42e-05
856 -1.56666666666667e-05
857 -1.66666666666667e-05
858 -1.65333333333333e-05
859 -1.43999999999999e-05
860 -1.35333333333333e-05
861 -1.37333333333333e-05
862 -1.48e-05
863 -1.52e-05
864 -1.7e-05
865 -1.68e-05
866 -1.83333333333333e-05
867 -1.64666666666667e-05
868 -1.86666666666667e-05
869 -1.58e-05
870 -1.75999999999999e-05
871 -1.53999999999999e-05
872 -1.76e-05
873 -1.67333333333334e-05
874 -1.78e-05
875 -1.52666666666667e-05
876 -1.61333333333334e-05
877 -1.55333333333333e-05
878 -1.75999999999999e-05
879 -1.58666666666666e-05
880 -1.52e-05
881 -1.25999999999999e-05
882 -1.29333333333332e-05
883 -1.16666666666667e-05
884 -1.22666666666669e-05
885 -1.32666666666667e-05
886 -1.47333333333336e-05
887 -1.53333333333333e-05
888 -1.63333333333333e-05
889 -1.59999999999999e-05
890 -1.50666666666665e-05
891 -1.42e-05
892 -1.45999999999999e-05
893 -1.79333333333334e-05
894 -1.7e-05
895 -1.56666666666668e-05
896 -1.30000000000002e-05
897 -1.26000000000001e-05
898 -1.32666666666667e-05
899 -1.25999999999999e-05
900 -1.36666666666667e-05
901 -1.39333333333332e-05
902 -1.64666666666667e-05
903 -1.60666666666666e-05
904 -1.69333333333332e-05
905 -1.62666666666667e-05
906 -1.60666666666668e-05
907 -1.59333333333334e-05
908 -1.63999999999999e-05
909 -1.64666666666665e-05
910 -1.70666666666666e-05
911 -1.62e-05
912 -1.65333333333335e-05
913 -1.63333333333333e-05
914 -1.80666666666668e-05
915 -1.80666666666668e-05
916 -1.77333333333336e-05
917 -1.66000000000001e-05
918 -1.71333333333334e-05
919 -1.65333333333333e-05
920 -1.66666666666667e-05
921 -1.67999999999999e-05
922 -1.66666666666667e-05
923 -1.72666666666667e-05
924 -1.68666666666668e-05
925 -1.83999999999999e-05
926 -1.76666666666667e-05
927 -1.70666666666666e-05
928 -1.64000000000001e-05
929 -1.62e-05
930 -1.68666666666666e-05
931 -1.72e-05
932 -1.72e-05
933 -1.7e-05
934 -1.63999999999999e-05
935 -1.63999999999999e-05
936 -1.66666666666667e-05
937 -1.71333333333334e-05
938 -1.68666666666668e-05
939 -1.65333333333333e-05
940 -1.7e-05
941 -1.7e-05
942 -1.76666666666667e-05
943 -1.74666666666667e-05
944 -1.83999999999999e-05
945 -1.88e-05
946 -1.82e-05
947 -1.93999999999999e-05
948 -1.7e-05
949 -1.7e-05
950 -1.54000000000001e-05
951 -1.69333333333334e-05
952 -1.80666666666666e-05
953 -1.85333333333333e-05
954 -1.93999999999999e-05
955 -1.89333333333334e-05
956 -1.84666666666667e-05
957 -1.80666666666668e-05
958 -1.87333333333333e-05
959 -1.79333333333333e-05
960 -1.91999999999999e-05
961 -1.62666666666667e-05
962 -1.76666666666667e-05
963 -1.38666666666667e-05
964 -1.58666666666667e-05
965 -1.65333333333333e-05
966 -1.94e-05
967 -2.00666666666667e-05
968 -1.86666666666667e-05
969 -1.81333333333333e-05
970 -1.88e-05
971 -1.83333333333333e-05
972 -1.76666666666667e-05
973 -1.66666666666667e-05
974 -1.67333333333333e-05
975 -1.71333333333333e-05
976 -1.69333333333333e-05
977 -1.74e-05
978 -1.75333333333333e-05
979 -1.54e-05
980 -1.52666666666667e-05
981 -1.42666666666667e-05
982 -1.5e-05
983 -1.51333333333333e-05
984 -1.78e-05
985 -1.87333333333334e-05
986 -1.8e-05
987 -1.68e-05
988 -1.68666666666667e-05
989 -1.92e-05
990 -1.84666666666667e-05
991 -1.79333333333334e-05
992 -1.41333333333333e-05
993 -1.41333333333333e-05
994 -1.52e-05
995 -1.7e-05
996 -1.78e-05
997 -1.70666666666667e-05
998 -1.9e-05
999 -1.75333333333333e-05
1000 -1.84e-05
1001 -1.75333333333333e-05
1002 -1.82666666666667e-05
1003 -1.82666666666667e-05
1004 -1.84e-05
1005 -2.05333333333333e-05
1006 -2.06666666666667e-05
1007 -1.74666666666667e-05
1008 -1.59333333333333e-05
1009 -1.48e-05
1010 -1.76e-05
1011 -1.75333333333334e-05
1012 -1.83333333333333e-05
1013 -1.76e-05
1014 -1.73333333333333e-05
1015 -1.75333333333333e-05
1016 -1.72666666666667e-05
1017 -1.79333333333333e-05
1018 -1.75333333333333e-05
1019 -1.85333333333333e-05
1020 -1.80666666666667e-05
1021 -1.82e-05
1022 -1.79333333333333e-05
1023 -1.82e-05
1024 -1.84666666666666e-05
1025 -1.66666666666667e-05
1026 -1.43333333333333e-05
1027 -1.36e-05
1028 -1.49333333333333e-05
1029 -1.72e-05
1030 -1.74666666666667e-05
1031 -1.91333333333334e-05
1032 -1.82e-05
1033 -1.9e-05
1034 -1.80666666666667e-05
1035 -1.74666666666666e-05
1036 -1.62666666666667e-05
1037 -1.66e-05
1038 -1.8e-05
1039 -1.82666666666667e-05
1040 -1.93333333333333e-05
1041 -1.84666666666667e-05
1042 -1.66666666666667e-05
1043 -1.66666666666667e-05
1044 -1.71333333333334e-05
1045 -1.88666666666667e-05
1046 -1.71333333333333e-05
1047 -1.74666666666666e-05
1048 -1.78666666666666e-05
1049 -1.82666666666667e-05
1050 -1.72666666666667e-05
1051 -1.72e-05
1052 -1.70666666666666e-05
1053 -1.78666666666667e-05
1054 -1.75333333333333e-05
1055 -1.71333333333334e-05
1056 -1.66666666666667e-05
1057 -1.73333333333333e-05
1058 -1.76666666666667e-05
1059 -1.82666666666667e-05
1060 -1.83333333333333e-05
1061 -1.81333333333334e-05
1062 -1.81333333333334e-05
1063 -1.76000000000001e-05
1064 -1.82e-05
1065 -1.78e-05
1066 -1.78666666666666e-05
1067 -1.76666666666667e-05
1068 -1.8e-05
1069 -1.80666666666666e-05
1070 -1.77333333333333e-05
1071 -1.81333333333332e-05
1072 -1.78666666666666e-05
1073 -1.78666666666668e-05
1074 -1.76000000000001e-05
1075 -1.83333333333333e-05
1076 -1.87999999999999e-05
1077 -1.9e-05
1078 -1.85333333333335e-05
1079 -1.86000000000001e-05
1080 -1.83999999999999e-05
1081 -1.85999999999999e-05
1082 -1.83999999999999e-05
1083 -1.88666666666668e-05
1084 -1.85333333333333e-05
1085 -1.88666666666668e-05
1086 -1.83999999999999e-05
1087 -1.89333333333334e-05
1088 -1.93333333333333e-05
1089 -2.02e-05
1090 -2.01333333333334e-05
1091 -1.95333333333333e-05
1092 -1.88e-05
1093 -1.88666666666666e-05
1094 -1.90666666666666e-05
1095 -1.97333333333333e-05
1096 -1.93999999999999e-05
1097 -2.00666666666668e-05
1098 -2.06000000000001e-05
1099 -2.10666666666668e-05
1100 -2.05999999999999e-05
1101 -2.1e-05
1102 -2.2e-05
1103 -2.16000000000001e-05
1104 -1.85333333333333e-05
1105 -1.70666666666666e-05
1106 -1.73333333333333e-05
1107 -1.92666666666667e-05
1108 -1.90666666666668e-05
1109 -1.89333333333332e-05
1110 -1.83333333333333e-05
1111 -1.9e-05
1112 -1.88666666666668e-05
1113 -1.95999999999999e-05
1114 -1.93999999999999e-05
1115 -1.92666666666666e-05
1116 -1.86666666666667e-05
1117 -1.86666666666667e-05
1118 -1.88e-05
1119 -1.92000000000001e-05
1120 -1.92666666666667e-05
1121 -1.90666666666666e-05
1122 -1.94666666666665e-05
1123 -1.94666666666665e-05
1124 -1.99333333333334e-05
1125 -1.92000000000001e-05
1126 -1.96000000000001e-05
1127 -2e-05
1128 -2.08666666666666e-05
1129 -2.08e-05
1130 -2.01333333333334e-05
1131 -2.00666666666666e-05
1132 -1.98e-05
1133 -2.02e-05
1134 -1.98666666666666e-05
1135 -2.02666666666666e-05
1136 -2.00666666666666e-05
1137 -2.01333333333334e-05
1138 -1.98e-05
1139 -2.01333333333334e-05
1140 -1.94000000000001e-05
1141 -2e-05
1142 -2.00666666666668e-05
1143 -2.07999999999999e-05
1144 -2.01333333333334e-05
1145 -1.99333333333332e-05
1146 -2.04666666666667e-05
1147 -2.12666666666666e-05
1148 -2.12e-05
1149 -2e-05
1150 -1.97333333333334e-05
1151 -1.99333333333334e-05
1152 -2.06000000000001e-05
1153 -2.08666666666666e-05
1154 -2.03333333333333e-05
1155 -2e-05
1156 -2.06000000000001e-05
1157 -2.06000000000001e-05
1158 -2.13333333333333e-05
1159 -2.00666666666666e-05
1160 -2.04666666666665e-05
1161 -2.01333333333334e-05
1162 -2.02e-05
1163 -2.01333333333334e-05
1164 -1.99333333333334e-05
1165 -2.00666666666668e-05
1166 -2.02e-05
1167 -2.02666666666664e-05
1168 -2.03333333333333e-05
1169 -2.03999999999999e-05
1170 -2.04000000000002e-05
1171 -2e-05
1172 -1.98666666666668e-05
1173 -1.95333333333331e-05
1174 -1.92666666666667e-05
1175 -1.90666666666666e-05
1176 -1.90666666666666e-05
1177 -1.97999999999999e-05
1178 -1.99333333333334e-05
1179 -2e-05
1180 -1.93999999999999e-05
1181 -1.91333333333332e-05
1182 -1.88000000000002e-05
1183 -1.88000000000002e-05
1184 -1.88000000000002e-05
1185 -1.90666666666666e-05
1186 -1.87999999999999e-05
1187 -1.87999999999999e-05
1188 -1.83333333333333e-05
1189 -1.87333333333333e-05
1190 -1.85333333333335e-05
1191 -1.88666666666668e-05
1192 -1.9e-05
1193 -1.83999999999999e-05
1194 -1.81333333333332e-05
1195 -1.8e-05
1196 -1.88666666666668e-05
1197 -1.82666666666667e-05
1198 -1.83999999999999e-05
1199 -1.81999999999998e-05
1200 -2.02666666666667e-05
1201 -1.92666666666667e-05
1202 -1.94666666666669e-05
1203 -1.74666666666665e-05
1204 -1.83999999999999e-05
1205 -1.76666666666667e-05
1206 -1.87999999999999e-05
1207 -1.85333333333335e-05
1208 -1.87333333333333e-05
1209 -1.85333333333335e-05
1210 -1.84666666666665e-05
1211 -1.90666666666666e-05
1212 -1.86666666666667e-05
1213 -1.82000000000001e-05
1214 -1.75333333333335e-05
1215 -1.71333333333332e-05
1216 -1.76666666666667e-05
1217 -1.77333333333333e-05
1218 -1.79333333333334e-05
1219 -1.77333333333333e-05
1220 -1.78666666666665e-05
1221 -1.76666666666667e-05
1222 -1.76666666666667e-05
1223 -1.76000000000001e-05
1224 -1.78000000000002e-05
1225 -1.75333333333335e-05
1226 -1.7e-05
1227 -1.72666666666664e-05
1228 -1.72666666666667e-05
1229 -1.54000000000002e-05
1230 -1.3866666666667e-05
1231 -1.46e-05
1232 -1.62666666666667e-05
1233 -1.79333333333333e-05
1234 -1.81333333333333e-05
1235 -1.87333333333333e-05
1236 -1.82666666666667e-05
1237 -1.70666666666667e-05
1238 -1.72666666666667e-05
1239 -1.74e-05
1240 -1.8e-05
1241 -1.74e-05
1242 -1.62666666666667e-05
1243 -1.65333333333333e-05
1244 -1.7e-05
1245 -1.86666666666667e-05
1246 -1.9e-05
1247 -1.92e-05
1248 -1.82e-05
1249 -1.75333333333333e-05
1250 -1.78e-05
1251 -1.85333333333333e-05
1252 -1.86666666666667e-05
1253 -1.82e-05
1254 -1.81333333333334e-05
1255 -1.80666666666666e-05
1256 -1.8e-05
1257 -1.82e-05
1258 -1.87333333333334e-05
1259 -1.89333333333333e-05
1260 -1.82666666666667e-05
1261 -1.75333333333333e-05
1262 -1.78e-05
1263 -1.82666666666667e-05
1264 -1.82e-05
1265 -1.80666666666666e-05
1266 -1.84e-05
1267 -1.9e-05
1268 -1.89333333333334e-05
1269 -1.88e-05
1270 -1.84e-05
1271 -1.89333333333333e-05
1272 -1.92666666666667e-05
1273 -1.94666666666667e-05
1274 -1.93333333333333e-05
1275 -1.91333333333334e-05
1276 -1.93333333333334e-05
1277 -1.91333333333334e-05
1278 -1.96666666666667e-05
1279 -1.96666666666667e-05
1280 -2.03333333333333e-05
1281 -2.02e-05
1282 -2.03333333333333e-05
1283 -2e-05
1284 -1.98666666666667e-05
1285 -2e-05
1286 -2.02e-05
1287 -2.08e-05
1288 -2.09333333333333e-05
1289 -2.10666666666667e-05
1290 -2.06666666666667e-05
1291 -2.04e-05
1292 -2.02e-05
1293 -2.05333333333334e-05
1294 -2.13999999999999e-05
1295 -2.15333333333334e-05
1296 -2.12e-05
1297 -2.08e-05
1298 -2.09333333333333e-05
1299 -2.10666666666667e-05
1300 -2.13333333333333e-05
1301 -2.13333333333333e-05
1302 -2.10666666666667e-05
1303 -2.09333333333333e-05
1304 -2.08666666666666e-05
1305 -2.14666666666666e-05
1306 -2.16e-05
1307 -2.18e-05
1308 -2.16666666666667e-05
1309 -2.16000000000001e-05
1310 -2.16666666666667e-05
1311 -2.14666666666667e-05
1312 -2.13999999999999e-05
1313 -2.13333333333333e-05
1314 -2.17333333333333e-05
1315 -2.15333333333334e-05
1316 -2.12666666666667e-05
1317 -2.09333333333333e-05
1318 -2.12666666666667e-05
1319 -2.12e-05
1320 -2.11333333333333e-05
1321 -2.08666666666666e-05
1322 -2.06000000000001e-05
1323 -2.13333333333333e-05
1324 -2.15333333333334e-05
1325 -2.27333333333333e-05
1326 -2.18666666666667e-05
1327 -2.15333333333333e-05
1328 -2.08666666666666e-05
1329 -2.02666666666667e-05
1330 -2.04000000000001e-05
1331 -1.96000000000001e-05
1332 -2.03333333333333e-05
1333 -2.02666666666666e-05
1334 -2.07333333333333e-05
1335 -2.07333333333333e-05
1336 -2.08666666666668e-05
1337 -2.07333333333334e-05
1338 -2.06000000000001e-05
1339 -2.06666666666667e-05
1340 -2.08666666666666e-05
1341 -2.09333333333332e-05
1342 -2.03333333333333e-05
1343 -2.05333333333333e-05
1344 -2.04666666666667e-05
1345 -2.10666666666666e-05
1346 -2.09333333333334e-05
1347 -2.08e-05
1348 -2.07333333333333e-05
1349 -2.10666666666666e-05
1350 -2.12e-05
1351 -2.10666666666668e-05
1352 -2.11333333333334e-05
1353 -2.12e-05
1354 -2.1e-05
1355 -2.05999999999999e-05
1356 -2.10666666666668e-05
1357 -2.11333333333334e-05
1358 -2.16000000000001e-05
1359 -2.13333333333333e-05
1360 -2.11333333333332e-05
1361 -2.16666666666667e-05
1362 -2.15999999999999e-05
1363 -2.15333333333335e-05
1364 -2.08e-05
1365 -2.06000000000001e-05
1366 -2.15999999999999e-05
1367 -2.2e-05
1368 -2.14666666666667e-05
1369 -2.20666666666668e-05
1370 -2.05333333333333e-05
1371 -2.05333333333333e-05
1372 -1.92e-05
1373 -1.98666666666666e-05
1374 -2.01333333333334e-05
1375 -2.08666666666666e-05
1376 -2.12666666666667e-05
1377 -2.15999999999999e-05
1378 -2.16666666666667e-05
1379 -2.08666666666666e-05
1380 -2.05333333333335e-05
1381 -2.00666666666666e-05
1382 -2.05333333333333e-05
1383 -2.07999999999999e-05
1384 -2.07333333333334e-05
1385 -2e-05
1386 -1.95333333333333e-05
1387 -1.83333333333332e-05
1388 -1.63999999999999e-05
1389 -1.68e-05
1390 -1.65333333333333e-05
1391 -1.79333333333334e-05
1392 -1.62666666666667e-05
1393 -1.57333333333334e-05
1394 -1.56000000000001e-05
1395 -1.62e-05
1396 -1.74000000000001e-05
1397 -1.84666666666665e-05
1398 -2.00666666666666e-05
1399 -2.05999999999999e-05
1400 -1.76000000000001e-05
1401 -1.63333333333333e-05
1402 -1.56666666666665e-05
1403 -1.82666666666666e-05
1404 -1.95333333333333e-05
1405 -1.92e-05
1406 -1.93333333333333e-05
1407 -1.89333333333332e-05
1408 -1.92000000000001e-05
1409 -1.93333333333333e-05
1410 -1.83333333333333e-05
1411 -1.93333333333333e-05
1412 -1.76666666666664e-05
1413 -1.63999999999999e-05
1414 -1.62666666666664e-05
1415 -1.73333333333335e-05
1416 -1.79333333333332e-05
1417 -1.89333333333334e-05
1418 -1.71333333333332e-05
1419 -1.74666666666667e-05
1420 -1.46666666666668e-05
1421 -1.67333333333336e-05
1422 -1.6e-05
1423 -1.43333333333331e-05
1424 -1.33999999999998e-05
1425 -1.4e-05
1426 -1.64e-05
1427 -1.51333333333333e-05
1428 -1.52e-05
1429 -1.49333333333334e-05
1430 -1.74e-05
1431 -1.84e-05
1432 -1.61333333333333e-05
1433 -1.34666666666667e-05
1434 -1.17333333333333e-05
1435 -1.40666666666667e-05
1436 -1.71333333333334e-05
1437 -1.69333333333334e-05
1438 -1.69333333333334e-05
1439 -1.56e-05
1440 -1.73333333333333e-05
1441 -1.81333333333334e-05
1442 -1.94666666666667e-05
1443 -1.79333333333334e-05
1444 -1.75333333333333e-05
1445 -1.74666666666667e-05
1446 -1.66666666666667e-05
1447 -1.62e-05
1448 -1.48e-05
1449 -1.64666666666667e-05
1450 -1.66666666666667e-05
1451 -1.78e-05
1452 -1.8e-05
1453 -1.78e-05
1454 -1.73333333333333e-05
1455 -1.64666666666667e-05
1456 -1.77333333333333e-05
1457 -1.95333333333333e-05
1458 -2.2e-05
1459 -1.9e-05
1460 -1.75999999999999e-05
1461 -1.68e-05
1462 -1.77333333333334e-05
1463 -1.71333333333334e-05
1464 -1.54666666666668e-05
1465 -1.76666666666667e-05
1466 -1.68e-05
1467 -1.77333333333333e-05
1468 -1.67333333333334e-05
1469 -1.79333333333334e-05
1470 -1.86666666666667e-05
1471 -1.82666666666667e-05
1472 -1.66e-05
1473 -1.56e-05
1474 -1.68666666666666e-05
1475 -1.88666666666666e-05
1476 -1.86666666666667e-05
1477 -1.7e-05
1478 -1.64e-05
1479 -1.82e-05
1480 -1.98e-05
1481 -1.97333333333334e-05
1482 -1.86666666666667e-05
1483 -1.84666666666667e-05
1484 -1.80666666666667e-05
1485 -1.81333333333334e-05
1486 -1.59333333333332e-05
1487 -1.74666666666666e-05
1488 -1.79999999999999e-05
1489 -1.75333333333333e-05
1490 -1.72666666666667e-05
1491 -1.54666666666667e-05
1492 -1.88666666666667e-05
1493 -1.82666666666667e-05
1494 -1.92666666666667e-05
1495 -1.83333333333333e-05
1496 -1.88e-05
1497 -1.87333333333334e-05
1498 -1.97333333333334e-05
1499 -1.76e-05
1500 -1.83333333333333e-05
1501 -1.56e-05
1502 -1.88666666666666e-05
1503 -1.71333333333333e-05
1504 -1.86666666666667e-05
1505 -1.7e-05
1506 -2.02666666666667e-05
1507 -1.77999999999999e-05
1508 -1.75333333333334e-05
1509 -1.52e-05
1510 -1.71333333333334e-05
1511 -1.68e-05
1512 -1.43333333333333e-05
1513 -1.30666666666666e-05
1514 -1.16666666666666e-05
1515 -1.31999999999998e-05
1516 -1.23999999999999e-05
1517 -1.4e-05
1518 -1.64000000000001e-05
1519 -1.82000000000001e-05
1520 -1.78666666666668e-05
1521 -1.65333333333335e-05
1522 -1.73999999999999e-05
1523 -1.82666666666666e-05
1524 -1.70666666666666e-05
1525 -1.74000000000001e-05
1526 -1.74666666666667e-05
1527 -1.84666666666667e-05
1528 -1.52e-05
1529 -1.53333333333333e-05
1530 -1.42e-05
1531 -1.68666666666666e-05
1532 -1.74666666666667e-05
1533 -1.88666666666666e-05
1534 -1.90666666666666e-05
1535 -1.87999999999999e-05
1536 -1.8e-05
1537 -1.75333333333333e-05
1538 -1.65333333333335e-05
1539 -1.73333333333333e-05
1540 -1.74000000000001e-05
1541 -1.65999999999999e-05
1542 -1.63333333333333e-05
1543 -1.7e-05
1544 -1.92e-05
1545 -1.89333333333334e-05
1546 -1.85333333333333e-05
1547 -1.74000000000001e-05
1548 -1.87333333333333e-05
1549 -1.8e-05
1550 -1.80666666666666e-05
1551 -1.69333333333334e-05
1552 -1.76000000000001e-05
1553 -1.7e-05
1554 -1.73999999999999e-05
1555 -1.77999999999999e-05
1556 -1.84000000000001e-05
1557 -1.84666666666667e-05
1558 -1.75333333333335e-05
1559 -1.78666666666666e-05
1560 -1.67333333333333e-05
1561 -1.7e-05
1562 -1.89333333333332e-05
1563 -1.76666666666667e-05
1564 -1.82666666666666e-05
1565 -1.52000000000001e-05
1566 -1.80666666666668e-05
1567 -1.76000000000001e-05
1568 -1.92666666666666e-05
1569 -1.85999999999999e-05
1570 -1.75333333333333e-05
1571 -1.66666666666667e-05
1572 -1.72666666666667e-05
1573 -1.81333333333334e-05
1574 -1.87333333333334e-05
1575 -1.92e-05
1576 -2.08e-05
1577 -1.97333333333333e-05
1578 -1.8e-05
1579 -1.6e-05
1580 -1.65333333333335e-05
1581 -1.76000000000001e-05
1582 -1.83333333333333e-05
1583 -1.89333333333332e-05
1584 -1.82666666666667e-05
1585 -1.88e-05
1586 -1.86000000000001e-05
1587 -1.95999999999999e-05
1588 -1.94666666666667e-05
1589 -1.88666666666666e-05
1590 -1.85333333333333e-05
1591 -1.81333333333332e-05
1592 -1.90666666666666e-05
1593 -1.88e-05
1594 -1.92666666666667e-05
1595 -1.84000000000001e-05
1596 -1.88666666666666e-05
1597 -1.90666666666666e-05
1598 -1.96666666666667e-05
1599 -1.92666666666667e-05
1600 -1.93333333333333e-05
1601 -1.86666666666667e-05
1602 -1.91333333333334e-05
1603 -1.87333333333334e-05
1604 -2e-05
1605 -1.96666666666667e-05
1606 -1.96666666666667e-05
1607 -1.87333333333333e-05
1608 -1.92666666666666e-05
1609 -1.93333333333333e-05
1610 -1.9e-05
1611 -1.92666666666667e-05
1612 -2.00666666666666e-05
1613 -2.09333333333334e-05
1614 -2.06000000000001e-05
1615 -1.95333333333333e-05
1616 -1.94666666666667e-05
1617 -2e-05
1618 -2.00666666666666e-05
1619 -2.01333333333332e-05
1620 -1.93999999999999e-05
1621 -1.97333333333336e-05
1622 -1.96000000000001e-05
1623 -1.99333333333334e-05
1624 -1.99333333333331e-05
1625 -2.04666666666665e-05
1626 -2.06000000000001e-05
1627 -2.07333333333336e-05
1628 -2.07333333333336e-05
1629 -2.06666666666667e-05
1630 -2.10666666666666e-05
1631 -2.11333333333332e-05
1632 -2.1e-05
1633 -2.13333333333333e-05
1634 -2.13999999999999e-05
1635 -2.15999999999998e-05
1636 -2.15333333333331e-05
1637 -2.10666666666666e-05
1638 -2.09333333333334e-05
1639 -2.08666666666668e-05
1640 -2.13333333333333e-05
1641 -2.16666666666667e-05
1642 -2.16000000000001e-05
1643 -2.16000000000001e-05
1644 -2.19333333333334e-05
1645 -2.19333333333334e-05
1646 -1.86666666666667e-05
1647 -1.62e-05
1648 -1.63999999999999e-05
1649 -1.95333333333333e-05
1650 -2.11333333333333e-05
1651 -2.06666666666667e-05
1652 -2.09333333333333e-05
1653 -2.1e-05
1654 -2.17333333333333e-05
1655 -2.16666666666667e-05
1656 -2.18e-05
1657 -2.2e-05
1658 -2.19333333333333e-05
1659 -2.18666666666666e-05
1660 -2.03333333333333e-05
1661 -2.05333333333333e-05
1662 -2.1e-05
1663 -1.86e-05
1664 -1.94e-05
1665 -1.84666666666667e-05
1666 -1.81333333333333e-05
1667 -1.52666666666666e-05
1668 -1.55999999999999e-05
1669 -1.93333333333333e-05
1670 -2.16e-05
1671 -2.13333333333333e-05
1672 -2.10666666666666e-05
1673 -2e-05
1674 -2.12e-05
1675 -2.01333333333333e-05
1676 -2.02666666666666e-05
1677 -2.02666666666666e-05
1678 -2.02666666666667e-05
1679 -2.02666666666666e-05
1680 -1.98666666666666e-05
1681 -1.96666666666667e-05
1682 -1.97333333333334e-05
1683 -1.95333333333334e-05
1684 -2.06666666666667e-05
1685 -2.05333333333333e-05
1686 -1.95333333333333e-05
1687 -1.9e-05
1688 -1.99333333333333e-05
1689 -2e-05
1690 -2.04666666666666e-05
1691 -1.83333333333333e-05
1692 -1.86666666666667e-05
1693 -1.77333333333333e-05
1694 -1.88e-05
1695 -1.92e-05
1696 -1.95333333333333e-05
1697 -1.92e-05
1698 -1.86e-05
1699 -1.88666666666667e-05
1700 -1.94666666666667e-05
1701 -1.97333333333334e-05
1702 -1.97333333333334e-05
1703 -1.88e-05
1704 -1.9e-05
1705 -1.81333333333333e-05
1706 -1.88e-05
1707 -1.84666666666667e-05
1708 -1.92e-05
1709 -1.92e-05
1710 -1.88e-05
1711 -1.95333333333333e-05
1712 -2e-05
1713 -2.02666666666667e-05
1714 -1.87333333333334e-05
1715 -1.88666666666667e-05
1716 -1.85333333333333e-05
1717 -1.88666666666666e-05
1718 -1.86e-05
1719 -1.92e-05
1720 -2e-05
1721 -1.97333333333334e-05
1722 -1.94666666666667e-05
1723 -1.98e-05
1724 -2.06666666666667e-05
1725 -1.98666666666666e-05
1726 -1.95333333333333e-05
1727 -1.92e-05
1728 -1.82e-05
1729 -1.78e-05
1730 -1.67333333333334e-05
1731 -1.86000000000001e-05
1732 -1.86000000000001e-05
1733 -1.98e-05
1734 -1.97333333333333e-05
1735 -2.04666666666667e-05
1736 -1.88666666666666e-05
1737 -1.88666666666666e-05
1738 -1.80666666666666e-05
1739 -1.67999999999999e-05
1740 -1.52666666666666e-05
1741 -1.64666666666665e-05
1742 -1.83333333333333e-05
1743 -1.97333333333334e-05
1744 -1.89333333333334e-05
1745 -1.72e-05
1746 -1.75333333333333e-05
1747 -1.66666666666665e-05
1748 -1.74666666666665e-05
1749 -1.83333333333332e-05
1750 -1.86666666666665e-05
1751 -2.02666666666666e-05
1752 -2.02e-05
1753 -2.02000000000001e-05
1754 -1.84000000000001e-05
1755 -1.68e-05
1756 -1.64666666666665e-05
1757 -1.82e-05
1758 -1.72e-05
1759 -1.78e-05
1760 -1.57333333333333e-05
1761 -1.58e-05
1762 -1.41333333333334e-05
1763 -1.64000000000001e-05
1764 -1.63333333333335e-05
1765 -1.66666666666668e-05
1766 -1.75333333333335e-05
1767 -1.75999999999999e-05
1768 -1.87333333333333e-05
1769 -1.68666666666666e-05
1770 -1.80666666666668e-05
1771 -1.83333333333333e-05
1772 -1.90666666666666e-05
1773 -1.90666666666666e-05
1774 -1.85333333333335e-05
1775 -1.77333333333334e-05
1776 -1.80666666666668e-05
1777 -1.92666666666666e-05
1778 -1.93333333333333e-05
1779 -1.88666666666666e-05
1780 -1.8e-05
1781 -1.81333333333334e-05
1782 -1.78e-05
1783 -1.81333333333334e-05
1784 -1.78666666666666e-05
1785 -1.89333333333332e-05
1786 -1.78e-05
1787 -1.79333333333334e-05
1788 -1.77333333333334e-05
1789 -1.86000000000001e-05
1790 -1.77333333333333e-05
1791 -1.78666666666666e-05
1792 -1.79333333333332e-05
1793 -1.85333333333333e-05
1794 -1.87333333333333e-05
1795 -1.8e-05
1796 -1.87333333333334e-05
1797 -1.79333333333334e-05
1798 -1.77333333333334e-05
1799 -1.77333333333333e-05
1800 -1.75999999999999e-05
1801 -1.92e-05
1802 -1.76000000000001e-05
1803 -1.78e-05
1804 -1.71333333333334e-05
1805 -1.75999999999999e-05
1806 -1.9e-05
1807 -1.85999999999999e-05
1808 -1.94666666666667e-05
1809 -1.6e-05
1810 -1.58e-05
1811 -1.68e-05
1812 -1.99333333333334e-05
1813 -2.12e-05
1814 -2.02e-05
1815 -1.93333333333333e-05
1816 -1.86666666666667e-05
1817 -1.86000000000001e-05
1818 -1.94666666666667e-05
1819 -1.86000000000001e-05
1820 -1.90666666666666e-05
1821 -1.96666666666667e-05
1822 -2.00666666666666e-05
1823 -1.96000000000001e-05
1824 -1.8e-05
1825 -1.90666666666666e-05
1826 -1.79333333333331e-05
1827 -1.93333333333332e-05
1828 -1.88666666666666e-05
1829 -1.97333333333334e-05
1830 -1.93333333333333e-05
1831 -1.88666666666666e-05
1832 -1.95333333333333e-05
1833 -1.90666666666666e-05
1834 -2.01333333333334e-05
1835 -1.93999999999999e-05
1836 -1.93333333333335e-05
1837 -1.9e-05
1838 -1.92000000000001e-05
1839 -1.68666666666665e-05
1840 -1.67333333333333e-05
1841 -1.85999999999998e-05
1842 -1.85333333333332e-05
1843 -1.85999999999998e-05
1844 -1.83999999999999e-05
1845 -2.23999999999999e-05
1846 -2.29333333333334e-05
1847 -2.17333333333333e-05
1848 -2.05333333333335e-05
1849 -2.01333333333335e-05
1850 -2.0666666666667e-05
1851 -1.99333333333334e-05
1852 -1.98666666666668e-05
1853 -1.92666666666667e-05
1854 -1.97333333333333e-05
1855 -1.97333333333333e-05
1856 -2.02666666666664e-05
1857 -2.07333333333336e-05
1858 -1.99333333333334e-05
1859 -1.84000000000002e-05
1860 -1.75999999999998e-05
1861 -1.64666666666664e-05
1862 -1.79999999999997e-05
1863 -1.83333333333333e-05
1864 -1.9e-05
1865 -1.78e-05
1866 -1.7e-05
1867 -1.88666666666667e-05
1868 -1.96e-05
1869 -2.04666666666667e-05
1870 -1.91333333333333e-05
1871 -1.88666666666667e-05
1872 -1.84e-05
1873 -1.9e-05
1874 -1.94666666666667e-05
1875 -1.98e-05
1876 -1.89333333333333e-05
1877 -1.88666666666667e-05
1878 -1.81333333333333e-05
1879 -1.83333333333333e-05
1880 -1.84e-05
1881 -1.87333333333334e-05
1882 -1.92666666666667e-05
1883 -1.91333333333334e-05
1884 -1.95333333333333e-05
1885 -1.91333333333334e-05
1886 -1.91333333333333e-05
1887 -1.92666666666667e-05
1888 -1.94666666666667e-05
1889 -1.93333333333333e-05
1890 -1.95333333333333e-05
1891 -1.92666666666667e-05
1892 -1.98e-05
1893 -1.93333333333333e-05
1894 -1.95333333333333e-05
1895 -1.89333333333333e-05
1896 -1.93333333333333e-05
1897 -1.94666666666667e-05
1898 -1.90666666666667e-05
1899 -1.86666666666667e-05
1900 -1.78e-05
1901 -1.79333333333333e-05
1902 -1.74666666666666e-05
1903 -1.7e-05
1904 -1.67333333333333e-05
1905 -1.63333333333333e-05
1906 -1.60666666666666e-05
1907 -1.49333333333334e-05
1908 -1.52e-05
1909 -1.56000000000001e-05
1910 -1.73999999999999e-05
1911 -1.67333333333334e-05
1912 -1.61333333333333e-05
1913 -1.55333333333334e-05
1914 -1.55333333333333e-05
1915 -1.72e-05
1916 -1.69333333333333e-05
1917 -1.74e-05
1918 -1.65333333333333e-05
1919 -1.64666666666667e-05
1920 -1.66e-05
1921 -1.7e-05
1922 -1.76666666666667e-05
1923 -1.8e-05
1924 -1.78e-05
1925 -1.73333333333333e-05
1926 -1.66000000000001e-05
1927 -1.65333333333333e-05
1928 -1.69333333333332e-05
1929 -1.73333333333333e-05
1930 -1.77333333333333e-05
1931 -1.74666666666667e-05
1932 -1.7e-05
1933 -1.68e-05
1934 -1.71333333333334e-05
1935 -1.75333333333333e-05
1936 -1.68666666666666e-05
1937 -1.68666666666666e-05
1938 -1.80666666666666e-05
1939 -1.82666666666667e-05
1940 -1.83333333333333e-05
1941 -1.84000000000001e-05
1942 -1.81333333333334e-05
1943 -1.78e-05
1944 -1.7e-05
1945 -1.78666666666666e-05
1946 -1.79333333333334e-05
1947 -1.74666666666667e-05
1948 -1.78666666666666e-05
1949 -1.81333333333332e-05
1950 -1.92666666666666e-05
1951 -1.95333333333333e-05
1952 -1.86666666666667e-05
1953 -1.76000000000001e-05
1954 -1.73333333333333e-05
1955 -1.82666666666667e-05
1956 -1.84666666666667e-05
1957 -1.84000000000001e-05
1958 -1.84666666666667e-05
1959 -1.87333333333333e-05
1960 -1.9e-05
1961 -1.85999999999999e-05
1962 -1.82666666666667e-05
1963 -1.81333333333334e-05
1964 -1.82666666666667e-05
1965 -2.02e-05
1966 -1.93999999999999e-05
1967 -1.88666666666666e-05
1968 -1.72666666666666e-05
1969 -1.75333333333333e-05
1970 -1.88e-05
1971 -1.81333333333334e-05
1972 -1.93333333333333e-05
1973 -1.88e-05
1974 -1.88666666666666e-05
1975 -1.78e-05
1976 -1.74666666666667e-05
1977 -1.74000000000001e-05
1978 -1.82e-05
1979 -1.83333333333333e-05
1980 -1.84666666666667e-05
1981 -1.80666666666668e-05
1982 -1.79333333333332e-05
1983 -1.88666666666666e-05
1984 -1.87999999999999e-05
1985 -1.82666666666667e-05
1986 -1.73999999999999e-05
1987 -1.76666666666667e-05
1988 -1.85999999999999e-05
1989 -1.89333333333334e-05
1990 -1.85333333333335e-05
1991 -1.75333333333335e-05
1992 -1.74666666666667e-05
1993 -1.75333333333333e-05
1994 -1.87333333333333e-05
1995 -1.81333333333332e-05
1996 -1.9e-05
1997 -1.87333333333333e-05
1998 -1.99333333333334e-05
1999 -1.65333333333333e-05
2000 -1.44000000000001e-05
2001 -1.4e-05
2002 -1.42666666666667e-05
2003 -1.74666666666667e-05
2004 -1.7e-05
2005 -1.82666666666666e-05
2006 -1.65999999999999e-05
2007 -1.86666666666667e-05
2008 -1.79333333333334e-05
2009 -1.82666666666667e-05
2010 -1.54000000000001e-05
2011 -1.64666666666667e-05
2012 -1.82000000000001e-05
2013 -1.95333333333335e-05
2014 -1.76666666666668e-05
2015 -1.43999999999999e-05
2016 -1.33999999999999e-05
2017 -1.50666666666666e-05
2018 -1.48666666666666e-05
2019 -1.59333333333332e-05
2020 -1.53999999999998e-05
2021 -1.78666666666666e-05
2022 -1.50666666666668e-05
2023 -1.48666666666666e-05
2024 -1.34666666666665e-05
2025 -1.53999999999996e-05
2026 -1.48000000000002e-05
2027 -1.4666666666667e-05
2028 -1.4266666666667e-05
2029 -1.66000000000001e-05
2030 -1.71333333333332e-05
2031 -1.85333333333332e-05
2032 -1.64000000000002e-05
2033 -1.63333333333336e-05
2034 -1.37333333333339e-05
2035 -1.51333333333332e-05
2036 -1.46666666666667e-05
2037 -1.54666666666665e-05
2038 -1.68666666666668e-05
2039 -1.53999999999999e-05
2040 -1.7e-05
2041 -1.46000000000001e-05
2042 -1.75333333333335e-05
2043 -1.72666666666667e-05
2044 -1.73333333333333e-05
2045 -1.70666666666666e-05
2046 -1.76666666666666e-05
2047 -1.63333333333333e-05
2048 -1.36e-05
2049 -1.34666666666666e-05
2050 -1.56666666666667e-05
2051 -1.78666666666667e-05
2052 -1.66e-05
2053 -1.64e-05
2054 -1.61333333333333e-05
2055 -1.74e-05
2056 -1.64e-05
2057 -1.7e-05
2058 -1.67333333333333e-05
2059 -1.79333333333333e-05
2060 -1.88e-05
2061 -1.72666666666667e-05
2062 -1.57333333333333e-05
2063 -1.66e-05
2064 -1.61333333333333e-05
2065 -2.00666666666667e-05
2066 -1.64e-05
2067 -1.74e-05
2068 -1.34666666666666e-05
2069 -1.33333333333333e-05
2070 -1.42e-05
2071 -1.63333333333333e-05
2072 -1.82e-05
2073 -1.66666666666666e-05
2074 -1.60666666666666e-05
2075 -1.58e-05
2076 -1.58e-05
2077 -1.66666666666667e-05
2078 -1.77333333333333e-05
2079 -1.88e-05
2080 -1.75333333333333e-05
2081 -1.66666666666667e-05
2082 -1.52666666666667e-05
2083 -1.66e-05
2084 -1.63333333333333e-05
2085 -1.82e-05
2086 -1.75333333333333e-05
2087 -1.7e-05
2088 -1.68e-05
2089 -1.66666666666667e-05
2090 -1.72666666666667e-05
2091 -1.75333333333333e-05
2092 -1.75333333333333e-05
2093 -1.69333333333333e-05
2094 -1.74666666666667e-05
2095 -1.72e-05
2096 -1.71333333333334e-05
2097 -1.67333333333334e-05
2098 -1.56666666666667e-05
2099 -1.62666666666667e-05
2100 -1.58666666666666e-05
2101 -1.80666666666667e-05
2102 -1.66666666666667e-05
2103 -1.66666666666667e-05
2104 -1.63999999999999e-05
2105 -1.64666666666666e-05
2106 -1.65333333333334e-05
2107 -1.68e-05
2108 -1.66e-05
2109 -1.67333333333333e-05
2110 -1.63333333333333e-05
2111 -1.83333333333333e-05
2112 -1.66e-05
2113 -1.61333333333333e-05
2114 -1.56000000000001e-05
2115 -1.74666666666667e-05
2116 -1.63333333333333e-05
2117 -1.68e-05
2118 -1.60666666666667e-05
2119 -1.70666666666667e-05
2120 -1.62e-05
2121 -1.62e-05
2122 -1.56666666666667e-05
2123 -1.65333333333333e-05
2124 -1.62e-05
2125 -1.76666666666667e-05
2126 -1.72e-05
2127 -1.65333333333333e-05
2128 -1.53333333333333e-05
2129 -1.61333333333334e-05
2130 -1.65333333333333e-05
2131 -1.72e-05
2132 -1.8e-05
2133 -1.74e-05
2134 -1.66e-05
2135 -1.50666666666667e-05
2136 -1.65333333333334e-05
2137 -1.60666666666667e-05
2138 -1.64e-05
2139 -1.61333333333333e-05
2140 -1.67333333333333e-05
2141 -1.55333333333333e-05
2142 -1.64666666666667e-05
2143 -1.65333333333334e-05
2144 -1.69333333333333e-05
2145 -1.6e-05
2146 -1.60666666666667e-05
2147 -1.7e-05
2148 -1.64666666666666e-05
2149 -1.74666666666666e-05
2150 -1.62e-05
2151 -1.68666666666666e-05
2152 -1.67333333333334e-05
2153 -1.71333333333334e-05
2154 -1.68e-05
2155 -1.56000000000001e-05
2156 -1.69333333333332e-05
2157 -1.88666666666666e-05
2158 -1.79333333333332e-05
2159 -1.67333333333334e-05
2160 -1.59333333333334e-05
2161 -1.67333333333334e-05
2162 -1.75333333333333e-05
2163 -1.77333333333333e-05
2164 -1.80666666666666e-05
2165 -1.83333333333333e-05
2166 -1.87333333333334e-05
2167 -1.94666666666667e-05
2168 -1.75333333333333e-05
2169 -1.63999999999999e-05
2170 -1.68e-05
2171 -1.75333333333333e-05
2172 -1.77333333333334e-05
2173 -1.69333333333332e-05
2174 -1.56666666666667e-05
2175 -1.52e-05
2176 -1.56666666666667e-05
2177 -1.74000000000002e-05
2178 -1.62666666666669e-05
2179 -1.41333333333335e-05
2180 -1.47333333333333e-05
2181 -1.50666666666666e-05
2182 -1.68666666666666e-05
2183 -1.64666666666667e-05
2184 -1.72e-05
2185 -1.76000000000001e-05
2186 -1.74666666666667e-05
2187 -1.70666666666668e-05
2188 -1.61333333333334e-05
2189 -1.56666666666667e-05
2190 -1.59333333333332e-05
2191 -1.6e-05
2192 -1.56666666666667e-05
2193 -1.56000000000001e-05
2194 -1.53999999999999e-05
2195 -1.57333333333333e-05
2196 -1.59333333333332e-05
2197 -1.6e-05
2198 -1.60666666666668e-05
2199 -1.58e-05
2200 -1.7e-05
2201 -1.62e-05
2202 -1.65333333333333e-05
2203 -1.58e-05
2204 -1.66666666666667e-05
2205 -1.63333333333333e-05
2206 -1.62e-05
2207 -1.57333333333333e-05
2208 -1.7e-05
2209 -1.68e-05
2210 -1.63333333333333e-05
2211 -1.51333333333334e-05
2212 -1.56666666666667e-05
2213 -1.66666666666667e-05
2214 -1.6e-05
2215 -1.6e-05
2216 -1.63333333333333e-05
2217 -1.84666666666667e-05
2218 -1.66000000000001e-05
2219 -1.66666666666667e-05
2220 -1.53999999999999e-05
2221 -1.63999999999999e-05
2222 -1.68e-05
2223 -1.78e-05
2224 -1.70666666666666e-05
2225 -1.64666666666666e-05
2226 -1.52e-05
2227 -1.64666666666667e-05
2228 -1.74666666666667e-05
2229 -1.71333333333333e-05
2230 -1.78666666666667e-05
2231 -1.65333333333333e-05
2232 -1.8e-05
2233 -1.76e-05
2234 -1.72e-05
2235 -1.62666666666667e-05
2236 -1.58666666666667e-05
2237 -1.64666666666667e-05
2238 -1.72e-05
2239 -1.59333333333333e-05
2240 -1.61333333333333e-05
2241 -1.66e-05
2242 -1.89333333333333e-05
2243 -1.74e-05
2244 -1.60666666666667e-05
2245 -1.64666666666667e-05
2246 -1.72666666666667e-05
2247 -1.70666666666666e-05
2248 -1.62666666666667e-05
2249 -1.58e-05
2250 -1.58666666666667e-05
2251 -1.50666666666667e-05
2252 -1.57333333333333e-05
2253 -1.69333333333334e-05
2254 -1.65333333333333e-05
2255 -1.78666666666667e-05
2256 -1.6e-05
2257 -1.77333333333333e-05
2258 -1.7e-05
2259 -1.72666666666667e-05
2260 -1.51333333333333e-05
2261 -1.50666666666666e-05
2262 -1.67333333333334e-05
2263 -1.74e-05
2264 -1.71333333333334e-05
2265 -1.62e-05
2266 -1.44666666666667e-05
2267 -1.39333333333333e-05
2268 -1.30666666666667e-05
2269 -1.60666666666667e-05
2270 -1.71333333333333e-05
2271 -1.97333333333334e-05
2272 -1.93333333333333e-05
2273 -1.72e-05
2274 -1.42666666666667e-05
2275 -1.46666666666667e-05
2276 -1.55333333333333e-05
2277 -1.88e-05
2278 -1.76e-05
2279 -1.84666666666667e-05
2280 -1.66666666666667e-05
2281 -1.74e-05
2282 -1.8e-05
2283 -1.75333333333333e-05
2284 -1.73333333333333e-05
2285 -1.45333333333334e-05
2286 -1.38666666666667e-05
2287 -1.31333333333334e-05
2288 -1.44666666666667e-05
2289 -1.48e-05
2290 -1.50666666666667e-05
2291 -1.68666666666666e-05
2292 -1.67333333333334e-05
2293 -1.63333333333333e-05
2294 -1.48666666666667e-05
2295 -1.4e-05
2296 -1.49333333333333e-05
2297 -1.37333333333333e-05
2298 -1.58666666666666e-05
2299 -1.63333333333333e-05
2300 -1.8e-05
2301 -1.84666666666666e-05
2302 -1.76e-05
2303 -1.78e-05
2304 -1.76e-05
2305 -1.59333333333333e-05
2306 -1.60666666666667e-05
2307 -1.45333333333333e-05
2308 -1.68e-05
2309 -1.56666666666666e-05
2310 -1.50666666666666e-05
2311 -1.48e-05
2312 -1.45333333333334e-05
2313 -1.62e-05
2314 -1.64666666666667e-05
2315 -1.86666666666667e-05
2316 -1.71333333333333e-05
2317 -1.62666666666667e-05
2318 -1.46e-05
2319 -1.55333333333334e-05
2320 -1.52666666666667e-05
2321 -1.62666666666667e-05
2322 -1.55333333333334e-05
2323 -1.72e-05
2324 -1.58e-05
2325 -1.80666666666666e-05
2326 -1.58666666666666e-05
2327 -1.65999999999999e-05
2328 -1.48666666666666e-05
2329 -1.59333333333334e-05
2330 -1.59333333333334e-05
2331 -1.79333333333334e-05
2332 -1.82666666666666e-05
2333 -1.8e-05
2334 -1.49333333333332e-05
2335 -1.47333333333334e-05
2336 -1.53333333333333e-05
2337 -1.61333333333334e-05
2338 -1.72e-05
2339 -1.71333333333334e-05
2340 -1.79333333333334e-05
2341 -1.59333333333332e-05
2342 -1.52666666666666e-05
2343 -1.49333333333332e-05
2344 -1.58666666666668e-05
2345 -1.7e-05
2346 -1.60666666666668e-05
2347 -1.57333333333333e-05
2348 -1.45333333333335e-05
2349 -1.7e-05
2350 -1.62e-05
2351 -1.72666666666666e-05
2352 -1.53333333333333e-05
2353 -1.65333333333333e-05
2354 -1.58666666666666e-05
2355 -1.68e-05
2356 -1.64000000000001e-05
2357 -1.68666666666668e-05
2358 -1.71333333333332e-05
2359 -1.79333333333332e-05
2360 -1.8e-05
2361 -1.68666666666668e-05
2362 -1.7e-05
2363 -1.73999999999999e-05
2364 -1.79333333333332e-05
2365 -1.6e-05
2366 -1.42666666666666e-05
2367 -1.58666666666666e-05
2368 -1.77333333333333e-05
2369 -1.94666666666667e-05
2370 -1.86666666666667e-05
2371 -1.94666666666667e-05
2372 -1.84666666666665e-05
2373 -1.85999999999999e-05
2374 -1.68e-05
2375 -1.81333333333334e-05
2376 -1.73333333333333e-05
2377 -1.75333333333333e-05
2378 -1.66000000000001e-05
2379 -1.78e-05
2380 -1.70666666666666e-05
2381 -1.83333333333333e-05
2382 -1.70666666666666e-05
2383 -1.87333333333334e-05
2384 -1.73333333333333e-05
2385 -1.7e-05
2386 -1.65333333333333e-05
2387 -1.83999999999999e-05
2388 -1.83333333333333e-05
2389 -1.79333333333332e-05
2390 -1.75333333333333e-05
2391 -1.7e-05
2392 -1.76666666666667e-05
2393 -1.64666666666667e-05
2394 -1.86666666666667e-05
2395 -1.72e-05
2396 -1.73999999999999e-05
2397 -1.59333333333334e-05
2398 -1.78666666666668e-05
2399 -1.63333333333333e-05
2400 -1.7e-05
2401 -1.45999999999999e-05
2402 -1.55333333333333e-05
2403 -1.55333333333333e-05
2404 -1.66666666666667e-05
2405 -1.62e-05
2406 -1.72666666666666e-05
2407 -1.72e-05
2408 -1.78e-05
2409 -1.76666666666667e-05
2410 -1.76000000000001e-05
2411 -1.78666666666666e-05
2412 -1.68e-05
2413 -1.62e-05
2414 -1.6e-05
2415 -1.53999999999999e-05
2416 -1.72e-05
2417 -1.71333333333334e-05
2418 -1.75333333333335e-05
2419 -1.78e-05
2420 -1.79333333333334e-05
2421 -1.7e-05
2422 -1.60666666666666e-05
2423 -1.60666666666666e-05
2424 -1.66666666666667e-05
2425 -1.66000000000001e-05
2426 -1.5e-05
2427 -1.77333333333333e-05
2428 -1.77333333333333e-05
2429 -1.81333333333334e-05
2430 -1.58666666666666e-05
2431 -1.62e-05
2432 -1.63999999999999e-05
2433 -1.60666666666668e-05
2434 -1.56666666666667e-05
2435 -1.66000000000001e-05
2436 -1.77999999999999e-05
2437 -1.70666666666666e-05
2438 -1.76000000000001e-05
2439 -1.57333333333333e-05
2440 -1.76666666666667e-05
2441 -1.62666666666667e-05
2442 -1.74000000000002e-05
2443 -1.62666666666667e-05
2444 -1.71333333333332e-05
2445 -1.62666666666664e-05
2446 -1.68666666666668e-05
2447 -1.70666666666666e-05
2448 -1.76000000000001e-05
2449 -1.73333333333333e-05
2450 -1.76000000000001e-05
2451 -1.59333333333334e-05
2452 -1.57999999999999e-05
2453 -1.63333333333333e-05
2454 -1.82000000000001e-05
2455 -1.82000000000001e-05
2456 -1.62666666666667e-05
2457 -1.6e-05
2458 -1.66666666666667e-05
2459 -1.65333333333335e-05
2460 -1.69333333333334e-05
2461 -1.6e-05
2462 -1.73333333333333e-05
2463 -1.73999999999999e-05
2464 -1.86666666666667e-05
2465 -1.97333333333333e-05
2466 -1.83999999999999e-05
2467 -1.68666666666665e-05
2468 -1.73333333333333e-05
2469 -1.86666666666667e-05
2470 -1.69333333333334e-05
2471 -1.57999999999999e-05
2472 -1.53333333333333e-05
2473 -1.77333333333333e-05
2474 -1.52000000000001e-05
2475 -1.53999999999999e-05
2476 -1.54666666666668e-05
2477 -1.66666666666667e-05
2478 -1.66000000000001e-05
2479 -1.61999999999998e-05
2480 -1.67333333333333e-05
2481 -1.54666666666665e-05
2482 -1.52666666666667e-05
2483 -1.53333333333333e-05
2484 -1.78000000000002e-05
2485 -1.71333333333335e-05
2486 -1.61999999999998e-05
2487 -1.45999999999998e-05
2488 -1.53999999999999e-05
2489 -1.69333333333334e-05
2490 -1.68666666666668e-05
2491 -1.73999999999999e-05
2492 -1.67333333333333e-05
2493 -1.63333333333333e-05
2494 -1.56666666666667e-05
2495 -1.64666666666669e-05
2496 -1.76000000000001e-05
2497 -1.80666666666666e-05
2498 -1.7e-05
2499 -1.61333333333332e-05
2500 -1.6e-05
2501 -1.62666666666667e-05
2502 -1.69333333333334e-05
2503 -1.52000000000001e-05
2504 -1.54666666666665e-05
2505 -1.70666666666666e-05
2506 -1.89333333333334e-05
2507 -1.86666666666667e-05
2508 -1.64666666666669e-05
2509 -1.58666666666665e-05
2510 -1.64666666666665e-05
2511 -1.65333333333332e-05
2512 -1.68666666666668e-05
2513 -1.72000000000001e-05
2514 -1.81333333333335e-05
2515 -1.80666666666666e-05
2516 -1.67999999999999e-05
2517 -1.70666666666666e-05
2518 -1.74666666666665e-05
2519 -1.84666666666668e-05
2520 -1.8e-05
2521 -1.76666666666667e-05
2522 -1.76666666666667e-05
2523 -1.76000000000001e-05
2524 -1.86666666666667e-05
2525 -1.8e-05
2526 -1.75999999999998e-05
2527 -1.67333333333336e-05
2528 -1.66000000000001e-05
2529 -1.67333333333336e-05
2530 -1.7e-05
2531 -1.72666666666664e-05
2532 -1.71333333333332e-05
2533 -1.72666666666664e-05
2534 -1.66000000000001e-05
2535 -1.73333333333333e-05
2536 -1.72666666666667e-05
2537 -1.78666666666668e-05
2538 -1.71333333333332e-05
2539 -1.7e-05
2540 -1.73999999999999e-05
2541 -1.72666666666667e-05
2542 -1.68000000000002e-05
2543 -1.54666666666665e-05
2544 -1.58666666666668e-05
2545 -1.61333333333332e-05
2546 -1.61333333333335e-05
2547 -1.63333333333333e-05
2548 -1.55333333333335e-05
2549 -1.71999999999998e-05
2550 -1.61999999999998e-05
2551 -1.72666666666664e-05
2552 -1.6e-05
2553 -1.66000000000001e-05
2554 -1.63333333333333e-05
2555 -1.56000000000001e-05
2556 -1.50666666666666e-05
2557 -1.49333333333334e-05
2558 -1.60666666666666e-05
2559 -1.62000000000001e-05
2560 -1.62666666666667e-05
2561 -1.67333333333333e-05
2562 -1.68666666666665e-05
2563 -1.62666666666667e-05
2564 -1.59333333333334e-05
2565 -1.56000000000001e-05
2566 -1.65999999999998e-05
2567 -1.66666666666667e-05
2568 -1.70666666666666e-05
2569 -1.66666666666667e-05
2570 -1.69333333333334e-05
2571 -1.65333333333335e-05
2572 -1.64666666666669e-05
2573 -1.63999999999999e-05
2574 -1.73999999999999e-05
2575 -1.67999999999999e-05
2576 -1.69333333333334e-05
2577 -1.73333333333333e-05
2578 -1.7e-05
2579 -1.72000000000001e-05
2580 -1.6e-05
2581 -1.70666666666666e-05
2582 -1.70666666666666e-05
2583 -1.75333333333335e-05
2584 -1.72000000000001e-05
2585 -1.67333333333333e-05
2586 -1.7e-05
2587 -1.74666666666665e-05
2588 -1.74666666666665e-05
2589 -1.74666666666665e-05
2590 -1.75333333333335e-05
2591 -1.77333333333336e-05
2592 -1.77333333333333e-05
2593 -1.52000000000001e-05
2594 -1.3e-05
2595 -1.36666666666669e-05
2596 -1.6e-05
2597 -1.88666666666667e-05
2598 -1.76666666666667e-05
2599 -1.78666666666667e-05
2600 -1.7e-05
2601 -1.76666666666667e-05
2602 -1.86e-05
2603 -1.85333333333333e-05
2604 -1.87333333333333e-05
2605 -1.96e-05
2606 -1.99333333333333e-05
2607 -1.83333333333333e-05
2608 -1.49333333333333e-05
2609 -1.50666666666667e-05
2610 -1.58666666666667e-05
2611 -1.78666666666667e-05
2612 -1.70666666666667e-05
2613 -1.69333333333333e-05
2614 -1.75333333333333e-05
2615 -1.88e-05
2616 -1.93333333333333e-05
2617 -1.80666666666667e-05
2618 -1.71333333333333e-05
2619 -1.74e-05
2620 -1.77333333333333e-05
2621 -1.89333333333334e-05
2622 -1.94666666666667e-05
2623 -1.92666666666667e-05
2624 -1.88e-05
2625 -1.84666666666667e-05
2626 -1.86666666666667e-05
2627 -1.85333333333333e-05
2628 -1.86666666666667e-05
2629 -1.89333333333333e-05
2630 -1.85333333333333e-05
2631 -1.77333333333333e-05
2632 -1.82e-05
2633 -1.81333333333333e-05
2634 -1.86666666666667e-05
2635 -1.88666666666667e-05
2636 -1.87333333333333e-05
2637 -1.72666666666667e-05
2638 -1.68e-05
2639 -1.83333333333333e-05
2640 -1.86666666666667e-05
2641 -1.88666666666666e-05
2642 -1.68666666666667e-05
2643 -1.75333333333333e-05
2644 -1.76666666666667e-05
2645 -1.92e-05
2646 -2e-05
2647 -1.85333333333333e-05
2648 -1.71333333333334e-05
2649 -1.7e-05
2650 -1.77333333333333e-05
2651 -1.88e-05
2652 -1.81333333333334e-05
2653 -1.74666666666667e-05
2654 -1.53333333333333e-05
2655 -1.6e-05
2656 -1.64666666666666e-05
2657 -1.76e-05
2658 -1.69333333333333e-05
2659 -1.68666666666667e-05
2660 -1.74e-05
2661 -1.68e-05
2662 -1.47333333333333e-05
2663 -1.49333333333333e-05
2664 -1.66e-05
2665 -1.86666666666667e-05
2666 -1.89333333333333e-05
2667 -1.74666666666667e-05
2668 -1.72e-05
2669 -1.66666666666667e-05
2670 -1.82666666666667e-05
2671 -1.62e-05
2672 -1.53333333333334e-05
2673 -1.45333333333334e-05
2674 -1.63333333333333e-05
2675 -1.63999999999999e-05
2676 -1.56e-05
2677 -1.66666666666667e-05
2678 -1.72e-05
2679 -1.82666666666667e-05
2680 -1.69999999999999e-05
2681 -1.53333333333333e-05
2682 -1.33333333333333e-05
2683 -1.16666666666667e-05
2684 -1.29333333333334e-05
2685 -1.44666666666667e-05
2686 -1.72666666666667e-05
2687 -1.76e-05
2688 -1.85333333333333e-05
2689 -1.76000000000001e-05
2690 -1.8e-05
2691 -1.64666666666667e-05
2692 -1.63999999999999e-05
2693 -1.68666666666666e-05
2694 -1.7e-05
2695 -1.75333333333333e-05
2696 -1.7e-05
2697 -1.68e-05
2698 -1.62000000000001e-05
2699 -1.54666666666667e-05
2700 -1.67333333333333e-05
2701 -1.82e-05
2702 -1.97999999999999e-05
2703 -1.87999999999999e-05
2704 -1.87333333333331e-05
2705 -1.73333333333333e-05
2706 -1.68e-05
2707 -1.58666666666666e-05
2708 -1.65333333333333e-05
2709 -1.74666666666665e-05
2710 -1.76666666666667e-05
2711 -1.66666666666667e-05
2712 -1.58000000000002e-05
2713 -1.46666666666668e-05
2714 -1.63333333333333e-05
2715 -1.48666666666666e-05
2716 -1.43333333333333e-05
2717 -1.36666666666667e-05
2718 -1.61999999999998e-05
2719 -1.83999999999998e-05
2720 -1.82e-05
2721 -1.7e-05
2722 -1.52000000000001e-05
2723 -1.70666666666666e-05
2724 -1.61333333333334e-05
2725 -1.79333333333332e-05
2726 -1.72666666666667e-05
2727 -1.7e-05
2728 -1.82666666666667e-05
2729 -1.70666666666666e-05
2730 -1.77333333333334e-05
2731 -1.48e-05
2732 -1.55333333333333e-05
2733 -1.44666666666665e-05
2734 -1.55333333333332e-05
2735 -1.40666666666666e-05
2736 -1.50666666666666e-05
2737 -1.50666666666666e-05
2738 -1.54666666666667e-05
2739 -1.68666666666666e-05
2740 -1.73333333333333e-05
2741 -1.77333333333333e-05
2742 -1.76000000000001e-05
2743 -1.75333333333335e-05
2744 -1.67333333333334e-05
2745 -1.66666666666667e-05
2746 -1.56666666666667e-05
2747 -1.60666666666666e-05
2748 -1.68666666666666e-05
2749 -1.76666666666667e-05
2750 -1.76666666666667e-05
2751 -1.73999999999999e-05
2752 -1.62666666666666e-05
2753 -1.67333333333333e-05
2754 -1.52666666666667e-05
2755 -1.63333333333333e-05
2756 -1.61333333333334e-05
2757 -1.68666666666666e-05
2758 -1.63333333333333e-05
2759 -1.60666666666668e-05
2760 -1.68e-05
2761 -1.55333333333333e-05
2762 -1.7e-05
2763 -1.60666666666666e-05
2764 -1.87333333333334e-05
2765 -1.67999999999999e-05
2766 -1.77333333333334e-05
2767 -1.75333333333333e-05
2768 -1.85333333333335e-05
2769 -1.72e-05
2770 -1.7e-05
2771 -1.62e-05
2772 -1.70666666666666e-05
2773 -1.7e-05
2774 -1.73999999999999e-05
2775 -1.73333333333333e-05
2776 -1.6e-05
2777 -1.63999999999999e-05
2778 -1.61333333333334e-05
2779 -1.57999999999999e-05
2780 -1.56000000000001e-05
2781 -1.65999999999999e-05
2782 -1.76666666666667e-05
2783 -1.82666666666666e-05
2784 -1.64000000000001e-05
2785 -1.72e-05
2786 -1.71333333333334e-05
2787 -1.62666666666666e-05
2788 -1.59333333333334e-05
2789 -1.54000000000001e-05
2790 -1.70666666666668e-05
2791 -1.55333333333335e-05
2792 -1.6e-05
2793 -1.64666666666667e-05
2794 -1.77999999999999e-05
2795 -1.73333333333333e-05
2796 -1.75333333333333e-05
2797 -1.76000000000001e-05
2798 -1.68e-05
2799 -1.65333333333333e-05
2800 -1.65333333333333e-05
2801 -1.5733333333333e-05
2802 -1.35999999999998e-05
2803 -1.22666666666666e-05
2804 -1.26000000000001e-05
2805 -1.56666666666665e-05
2806 -1.59999999999997e-05
2807 -1.77333333333333e-05
2808 -1.52666666666667e-05
2809 -1.61333333333335e-05
2810 -1.50666666666666e-05
2811 -1.62666666666667e-05
2812 -1.55333333333332e-05
2813 -1.72666666666667e-05
2814 -1.67999999999999e-05
2815 -1.66000000000001e-05
2816 -1.52000000000001e-05
2817 -1.67333333333336e-05
2818 -1.75333333333335e-05
2819 -1.71333333333332e-05
2820 -1.62666666666664e-05
2821 -1.58666666666665e-05
2822 -1.58666666666668e-05
2823 -1.59333333333334e-05
2824 -1.64000000000002e-05
2825 -1.7e-05
2826 -1.61333333333335e-05
2827 -1.5e-05
2828 -1.54666666666665e-05
2829 -1.63333333333333e-05
2830 -1.72666666666664e-05
2831 -1.76000000000001e-05
2832 -1.61333333333332e-05
2833 -1.70666666666669e-05
2834 -1.42666666666667e-05
2835 -1.54666666666665e-05
2836 -1.32666666666664e-05
2837 -1.59333333333331e-05
2838 -1.64000000000002e-05
2839 -1.76000000000001e-05
2840 -1.53999999999999e-05
2841 -1.30666666666666e-05
2842 -1.23333333333333e-05
2843 -1.23333333333336e-05
2844 -1.41333333333332e-05
2845 -1.56666666666667e-05
2846 -1.75999999999998e-05
2847 -1.81333333333335e-05
2848 -1.5266666666667e-05
2849 -1.65333333333338e-05
2850 -1.47333333333336e-05
2851 -1.76000000000001e-05
2852 -1.77333333333336e-05
2853 -1.97333333333333e-05
2854 -1.68666666666665e-05
2855 -1.42666666666664e-05
2856 -1.17333333333336e-05
2857 -1.20666666666669e-05
2858 -1.24000000000002e-05
2859 -1.5e-05
2860 -1.73333333333336e-05
2861 -1.57333333333333e-05
2862 -1.5666666666667e-05
2863 -1.47999999999999e-05
2864 -1.68666666666668e-05
2865 -1.57999999999999e-05
2866 -1.4666666666667e-05
2867 -1.63333333333336e-05
2868 -1.88000000000002e-05
2869 -1.96666666666667e-05
2870 -1.56666666666664e-05
2871 -1.35999999999998e-05
2872 -1.23333333333333e-05
2873 -1.2666666666667e-05
2874 -1.16000000000001e-05
2875 -1.3333333333333e-05
2876 -1.37999999999999e-05
2877 -1.51999999999998e-05
2878 -1.50666666666666e-05
2879 -1.74666666666665e-05
2880 -1.68666666666668e-05
2881 -1.79333333333334e-05
2882 -1.6e-05
2883 -1.75333333333335e-05
2884 -1.58666666666668e-05
2885 -1.62666666666667e-05
2886 -1.52666666666664e-05
2887 -1.62666666666667e-05
2888 -1.69333333333334e-05
2889 -1.62666666666667e-05
2890 -1.63333333333333e-05
2891 -1.52666666666664e-05
2892 -1.68666666666668e-05
2893 -1.58000000000002e-05
2894 -1.77333333333336e-05
2895 -1.56666666666667e-05
2896 -1.71333333333332e-05
2897 -1.65333333333335e-05
2898 -1.58000000000005e-05
2899 -1.53333333333336e-05
2900 -1.5266666666667e-05
2901 -1.92666666666667e-05
2902 -1.82666666666667e-05
2903 -1.80666666666666e-05
2904 -1.5e-05
2905 -1.66666666666667e-05
2906 -1.66666666666667e-05
2907 -1.73999999999999e-05
2908 -1.66000000000001e-05
2909 -1.42666666666667e-05
2910 -1.37333333333333e-05
2911 -1.51333333333332e-05
2912 -1.64666666666665e-05
2913 -1.62666666666667e-05
2914 -1.46666666666667e-05
2915 -1.59333333333334e-05
2916 -1.6e-05
2917 -1.58000000000002e-05
2918 -1.53333333333333e-05
2919 -1.64666666666669e-05
2920 -1.59333333333334e-05
2921 -1.65333333333335e-05
2922 -1.61333333333332e-05
2923 -1.71999999999998e-05
2924 -1.61999999999998e-05
2925 -1.55333333333335e-05
2926 -1.53999999999999e-05
2927 -1.54000000000002e-05
2928 -1.63333333333333e-05
2929 -1.68000000000002e-05
2930 -1.65999999999998e-05
2931 -1.68666666666665e-05
2932 -1.52666666666667e-05
2933 -1.50000000000002e-05
2934 -1.44666666666668e-05
2935 -1.65333333333333e-05
2936 -1.82666666666667e-05
2937 -1.81333333333333e-05
2938 -1.68e-05
2939 -1.48e-05
2940 -1.51333333333333e-05
2941 -1.62e-05
2942 -1.74e-05
2943 -1.66e-05
2944 -1.6e-05
2945 -1.68666666666667e-05
2946 -1.54666666666667e-05
2947 -1.43333333333333e-05
2948 -1.31333333333333e-05
2949 -1.4e-05
2950 -1.44000000000001e-05
2951 -1.56666666666667e-05
2952 -1.67333333333334e-05
2953 -1.61333333333333e-05
2954 -1.6e-05
2955 -1.54666666666667e-05
2956 -1.62e-05
2957 -1.49333333333333e-05
2958 -1.57333333333333e-05
2959 -1.68666666666666e-05
2960 -1.56666666666666e-05
2961 -1.43333333333333e-05
2962 -1.30666666666667e-05
2963 -1.40666666666667e-05
2964 -1.62666666666667e-05
2965 -1.68666666666667e-05
2966 -1.76666666666667e-05
2967 -1.52e-05
2968 -1.39333333333334e-05
2969 -1.44000000000001e-05
2970 -1.45333333333334e-05
2971 -1.55333333333333e-05
2972 -1.44e-05
2973 -1.72666666666667e-05
2974 -1.75333333333333e-05
2975 -1.65333333333333e-05
2976 -1.49333333333333e-05
2977 -1.56e-05
2978 -1.76666666666667e-05
2979 -1.95333333333333e-05
2980 -1.72666666666667e-05
2981 -1.59333333333333e-05
2982 -1.50666666666667e-05
2983 -1.60666666666667e-05
2984 -1.59333333333333e-05
2985 -1.44e-05
2986 -1.53333333333333e-05
2987 -1.5e-05
2988 -1.54666666666666e-05
2989 -1.52e-05
2990 -1.60666666666667e-05
2991 -1.56666666666667e-05
2992 -1.70666666666667e-05
2993 -1.73333333333333e-05
2994 -1.62e-05
2995 -1.54e-05
2996 -1.48e-05
2997 -1.65333333333333e-05
2998 -1.36666666666667e-05
2999 -1.38666666666666e-05
3000 -1.51333333333332e-05
3001 -1.61333333333332e-05
3002 -1.76000000000001e-05
3003 -1.54000000000001e-05
3004 -1.55333333333334e-05
3005 -1.43999999999999e-05
3006 -1.47333333333334e-05
3007 -1.55333333333334e-05
3008 -1.48e-05
3009 -1.48666666666666e-05
3010 -1.46e-05
3011 -1.6e-05
3012 -1.67333333333334e-05
3013 -1.90666666666667e-05
3014 -1.74666666666667e-05
3015 -1.67333333333334e-05
3016 -1.45333333333334e-05
3017 -1.52666666666667e-05
3018 -1.58e-05
3019 -1.56666666666667e-05
3020 -1.63333333333333e-05
3021 -1.58e-05
3022 -1.66666666666667e-05
3023 -1.56e-05
3024 -1.56666666666667e-05
3025 -1.63333333333333e-05
3026 -1.72666666666667e-05
3027 -1.76666666666667e-05
3028 -1.66e-05
3029 -1.66e-05
3030 -1.62666666666667e-05
3031 -1.54e-05
3032 -1.46666666666666e-05
3033 -1.52e-05
3034 -1.65999999999999e-05
3035 -1.67333333333334e-05
3036 -1.72666666666667e-05
3037 -1.61333333333334e-05
3038 -1.59333333333332e-05
3039 -1.41333333333334e-05
3040 -1.46666666666667e-05
3041 -1.54000000000001e-05
3042 -1.64666666666667e-05
3043 -1.64666666666667e-05
3044 -1.6e-05
3045 -1.57999999999999e-05
3046 -1.56000000000001e-05
3047 -1.55999999999999e-05
3048 -1.56666666666667e-05
3049 -1.50666666666666e-05
3050 -1.56000000000001e-05
3051 -1.56000000000001e-05
3052 -1.63333333333333e-05
3053 -1.62e-05
3054 -1.6e-05
3055 -1.61333333333334e-05
3056 -1.6e-05
3057 -1.56000000000001e-05
3058 -1.43999999999999e-05
3059 -1.49333333333334e-05
3060 -1.53999999999999e-05
3061 -1.64000000000001e-05
3062 -1.55999999999999e-05
3063 -1.65333333333333e-05
3064 -1.65999999999999e-05
3065 -1.59333333333334e-05
3066 -1.43333333333333e-05
3067 -1.42666666666667e-05
3068 -1.52e-05
3069 -1.62e-05
3070 -1.63333333333333e-05
3071 -1.60666666666668e-05
3072 -1.56666666666667e-05
3073 -1.5e-05
3074 -1.52e-05
3075 -1.52000000000001e-05
3076 -1.62666666666666e-05
3077 -1.63333333333333e-05
3078 -1.63999999999999e-05
3079 -1.66000000000001e-05
3080 -1.63333333333333e-05
3081 -1.57333333333333e-05
3082 -1.59333333333334e-05
3083 -1.55333333333333e-05
3084 -1.66000000000001e-05
3085 -1.58666666666666e-05
3086 -1.66000000000001e-05
3087 -1.66666666666667e-05
3088 -1.63999999999999e-05
3089 -1.65999999999999e-05
3090 -1.68666666666666e-05
3091 -1.66666666666667e-05
3092 -1.70666666666668e-05
3093 -1.67333333333334e-05
3094 -1.72e-05
3095 -1.64666666666665e-05
3096 -1.64666666666665e-05
3097 -1.64666666666667e-05
3098 -1.66000000000001e-05
3099 -1.71333333333334e-05
3100 -1.7e-05
3101 -1.74666666666667e-05
3102 -1.70666666666668e-05
3103 -1.78666666666666e-05
3104 -1.75999999999999e-05
3105 -1.75333333333333e-05
3106 -1.74000000000001e-05
3107 -1.74666666666667e-05
3108 -1.78666666666666e-05
3109 -1.68e-05
3110 -1.67333333333334e-05
3111 -1.61333333333334e-05
3112 -1.63333333333333e-05
3113 -1.65333333333333e-05
3114 -1.69333333333332e-05
3115 -1.74666666666665e-05
3116 -1.80666666666666e-05
3117 -1.76666666666667e-05
3118 -1.58666666666668e-05
3119 -1.66666666666667e-05
3120 -1.65333333333335e-05
3121 -1.79333333333332e-05
3122 -1.42666666666667e-05
3123 -1.47333333333333e-05
3124 -1.56666666666667e-05
3125 -1.73333333333333e-05
3126 -1.8e-05
3127 -1.70666666666668e-05
3128 -1.8e-05
3129 -1.58e-05
3130 -1.67999999999999e-05
3131 -1.62e-05
3132 -1.7e-05
3133 -1.68e-05
3134 -1.87333333333333e-05
3135 -1.74666666666667e-05
3136 -1.54666666666667e-05
3137 -1.42666666666667e-05
3138 -1.60666666666666e-05
3139 -1.68e-05
3140 -1.68e-05
3141 -1.59333333333334e-05
3142 -1.69333333333334e-05
3143 -1.63333333333333e-05
3144 -1.87333333333333e-05
3145 -1.75333333333333e-05
3146 -1.66000000000001e-05
3147 -1.48666666666668e-05
3148 -1.59333333333334e-05
3149 -1.68e-05
3150 -1.71333333333332e-05
3151 -1.65999999999999e-05
3152 -1.68666666666665e-05
3153 -1.68666666666668e-05
3154 -1.69333333333332e-05
3155 -1.68666666666668e-05
3156 -1.63999999999999e-05
3157 -1.64000000000002e-05
3158 -1.66666666666667e-05
3159 -1.72000000000001e-05
3160 -1.62666666666664e-05
3161 -1.59333333333334e-05
3162 -1.6e-05
3163 -1.85333333333335e-05
3164 -1.69333333333334e-05
3165 -1.68666666666665e-05
3166 -1.53999999999999e-05
3167 -1.63999999999999e-05
3168 -1.56000000000001e-05
3169 -1.73333333333333e-05
3170 -1.71333333333332e-05
3171 -1.7e-05
3172 -1.51333333333335e-05
3173 -1.64666666666669e-05
3174 -1.68666666666668e-05
3175 -1.65333333333332e-05
3176 -1.63999999999999e-05
