1 0
2 -6.6666666666667e-08
3 0
4 0
5 -2e-07
6 -2e-07
7 -3.33333333333333e-07
8 -1.33333333333333e-07
9 -2e-07
10 -6.6666666666667e-08
11 -6.6666666666667e-08
12 0
13 0
14 0
15 0
16 0
17 0
18 -6.66666666666667e-07
19 -9.33333333333333e-07
20 -1.4e-06
21 -1.26666666666667e-06
22 -1.53333333333333e-06
23 -1.8e-06
24 -1.86666666666667e-06
25 -1.8e-06
26 -1.53333333333333e-06
27 -1.53333333333334e-06
28 -1.66666666666667e-06
29 -1.8e-06
30 -1.8e-06
31 -1.86666666666666e-06
32 -1.93333333333333e-06
33 -2.06666666666667e-06
34 -2.33333333333333e-06
35 -2.53333333333334e-06
36 -2.73333333333333e-06
37 -2.86666666666667e-06
38 -3.40000000000001e-06
39 -3.86666666666667e-06
40 -4.2e-06
41 -4.06666666666666e-06
42 -3.86666666666666e-06
43 -3.6e-06
44 -3.46666666666667e-06
45 -3.33333333333333e-06
46 -3.4e-06
47 -3.26666666666666e-06
48 -3.2e-06
49 -3.06666666666667e-06
50 -3.20000000000001e-06
51 -3.13333333333333e-06
52 -3.13333333333333e-06
53 -3.06666666666666e-06
54 -3e-06
55 -2.86666666666666e-06
56 -2.8e-06
57 -2.93333333333334e-06
58 -3.06666666666666e-06
59 -3.13333333333333e-06
60 -3.13333333333333e-06
61 -3.13333333333333e-06
62 -3.13333333333333e-06
63 -3.26666666666666e-06
64 -3.26666666666667e-06
65 -3.33333333333333e-06
66 -3.40000000000001e-06
67 -3.53333333333333e-06
68 -3.6e-06
69 -3.59999999999999e-06
70 -3.66666666666667e-06
71 -3.8e-06
72 -3.86666666666666e-06
73 -3.93333333333333e-06
74 -3.93333333333333e-06
75 -4.06666666666666e-06
76 -4.06666666666666e-06
77 -4.13333333333334e-06
78 -4.13333333333334e-06
79 -4.26666666666667e-06
80 -4.33333333333333e-06
81 -4.4e-06
82 -4.4e-06
83 -4.53333333333332e-06
84 -4.6e-06
85 -4.66666666666667e-06
86 -4.6e-06
87 -4.6e-06
88 -4.6e-06
89 -4.6e-06
90 -4.66666666666667e-06
91 -4.73333333333333e-06
92 -4.79999999999999e-06
93 -4.79999999999999e-06
94 -4.80000000000001e-06
95 -4.80000000000001e-06
96 -4.86666666666667e-06
97 -4.86666666666666e-06
98 -4.93333333333332e-06
99 -4.93333333333332e-06
100 -5e-06
101 -5e-06
102 -4.93333333333334e-06
103 -4.93333333333334e-06
104 -5e-06
105 -5.06666666666666e-06
106 -5.13333333333334e-06
107 -5e-06
108 -5.06666666666668e-06
109 -5e-06
110 -5.13333333333334e-06
111 -5.06666666666666e-06
112 -5.19999999999999e-06
113 -5.26666666666667e-06
114 -5.4e-06
115 -5.46666666666668e-06
116 -5.46666666666666e-06
117 -5.53333333333334e-06
118 -5.46666666666666e-06
119 -5.4e-06
120 -5.33333333333333e-06
121 -5.13333333333333e-06
122 -5.13333333333334e-06
123 -5.13333333333333e-06
124 -5.46666666666668e-06
125 -5.73333333333333e-06
126 -5.66666666666667e-06
127 -5.4e-06
128 -5.33333333333331e-06
129 -5.40000000000002e-06
130 -5.40000000000002e-06
131 -5.33333333333333e-06
132 -5.66666666666667e-06
133 -6.19999999999997e-06
134 -6.13333333333336e-06
135 -5.66666666666667e-06
136 -5.40000000000002e-06
137 -5.46666666666666e-06
138 -5.73333333333331e-06
139 -5.73333333333335e-06
140 -5.93333333333332e-06
141 -5.79999999999999e-06
142 -5.79999999999999e-06
143 -5.79999999999999e-06
144 -6.06666666666668e-06
145 -6.26666666666665e-06
146 -6.26666666666669e-06
147 -6.20000000000001e-06
148 -6.13333333333333e-06
149 -6.13333333333333e-06
150 -6.20000000000001e-06
151 -6.20000000000001e-06
152 -6.26666666666665e-06
153 -6.19999999999997e-06
154 -6.33333333333333e-06
155 -6.20000000000001e-06
156 -6.26666666666669e-06
157 -6.26666666666669e-06
158 -6.13333333333333e-06
159 -5.73333333333331e-06
160 -5.39999999999998e-06
161 -5.66666666666667e-06
162 -5.93333333333336e-06
163 -6.06666666666668e-06
164 -6.26666666666669e-06
165 -6.39999999999998e-06
166 -6.39999999999998e-06
167 -6.20000000000001e-06
168 -6.33333333333333e-06
169 -6.26666666666669e-06
170 -6.06666666666664e-06
171 -5.86666666666667e-06
172 -5.93333333333332e-06
173 -5.93333333333336e-06
174 -5.79999999999999e-06
175 -5.86666666666667e-06
176 -6e-06
177 -6.20000000000001e-06
178 -6.33333333333333e-06
179 -6.26666666666665e-06
180 -6.26666666666669e-06
181 -6.13333333333333e-06
182 -6.26666666666665e-06
183 -6.13333333333333e-06
184 -6e-06
185 -5.80000000000003e-06
186 -5.86666666666667e-06
187 -5.93333333333336e-06
188 -6.13333333333333e-06
189 -6.19999999999997e-06
190 -6.46666666666666e-06
191 -5.79999999999999e-06
192 -6.4666666666667e-06
193 -5.66666666666667e-06
194 -6e-06
195 -5.33333333333333e-06
196 -5.79999999999999e-06
197 -5.93333333333332e-06
198 -6.06666666666664e-06
199 -6.20000000000001e-06
200 -6.33333333333333e-06
201 -6.06666666666668e-06
202 -6.06666666666664e-06
203 -6e-06
204 -6.20000000000001e-06
205 -6.13333333333336e-06
206 -6.20000000000001e-06
207 -6.19999999999997e-06
208 -6.26666666666665e-06
209 -6.33333333333333e-06
210 -6.26666666666669e-06
211 -6.33333333333333e-06
212 -6.33333333333337e-06
213 -6.39999999999998e-06
214 -6.4666666666667e-06
215 -6.5333333333333e-06
216 -6.66666666666667e-06
217 -6.5333333333333e-06
218 -6.40000000000002e-06
219 -6.40000000000002e-06
220 -6.73333333333335e-06
221 -6.86666666666664e-06
222 -6.73333333333335e-06
223 -6.46666666666662e-06
224 -6.4666666666667e-06
225 -6.5333333333333e-06
226 -6.4666666666667e-06
227 -6.5333333333333e-06
228 -6.4666666666667e-06
229 -6.59999999999998e-06
230 -6.73333333333335e-06
231 -7e-06
232 -6.80000000000003e-06
233 -6.5333333333333e-06
234 -6.33333333333333e-06
235 -6.46666666666662e-06
236 -6.66666666666667e-06
237 -6.73333333333335e-06
238 -6.80000000000003e-06
239 -6.73333333333335e-06
240 -6.39999999999994e-06
241 -6.59999999999998e-06
242 -6.5333333333333e-06
243 -6.66666666666667e-06
244 -6.5333333333333e-06
245 -6.66666666666667e-06
246 -6.93333333333332e-06
247 -6.86666666666664e-06
248 -7e-06
249 -6.73333333333335e-06
250 -6.86666666666671e-06
251 -6.66666666666667e-06
252 -6.79999999999995e-06
253 -6.59999999999998e-06
254 -6.66666666666667e-06
255 -6.66666666666667e-06
256 -6.86666666666664e-06
257 -6.80000000000003e-06
258 -6.73333333333335e-06
259 -6.73333333333335e-06
260 -6.59999999999998e-06
261 -6.80000000000003e-06
262 -6.80000000000003e-06
263 -6.79999999999995e-06
264 -6.5333333333333e-06
265 -6.46666666666662e-06
266 -6.60000000000006e-06
267 -6.66666666666667e-06
268 -6.60000000000006e-06
269 -7e-06
270 -7.26666666666665e-06
271 -7.06666666666661e-06
272 -6.46666666666662e-06
273 -6.33333333333333e-06
274 -6.60000000000006e-06
275 -6.80000000000003e-06
276 -6.73333333333335e-06
277 -6.66666666666667e-06
278 -6.59999999999998e-06
279 -6.59999999999998e-06
280 -6.66666666666667e-06
281 -6.5333333333333e-06
282 -6.60000000000006e-06
283 -6.59999999999998e-06
284 -6.86666666666671e-06
285 -6.73333333333327e-06
286 -6.79999999999995e-06
287 -6.59999999999998e-06
288 -6.80000000000003e-06
289 -6.66666666666667e-06
290 -6.80000000000003e-06
291 -6.66666666666667e-06
292 -6.93333333333339e-06
293 -6.79999999999995e-06
294 -6.73333333333335e-06
295 -6.59999999999998e-06
296 -6.66666666666667e-06
297 -7.06666666666668e-06
298 -7.13333333333329e-06
299 -7.20000000000005e-06
300 -6.86666666666664e-06
301 -6.73333333333335e-06
302 -6.73333333333327e-06
303 -6.93333333333332e-06
304 -6.93333333333332e-06
305 -6.86666666666671e-06
306 -6.66666666666667e-06
307 -6.60000000000006e-06
308 -6.66666666666667e-06
309 -6.73333333333335e-06
310 -6.86666666666664e-06
311 -7e-06
312 -7.06666666666668e-06
313 -7.13333333333336e-06
314 -7.13333333333329e-06
315 -7.13333333333329e-06
316 -6.93333333333332e-06
317 -7e-06
318 -7.06666666666668e-06
319 -7.13333333333329e-06
320 -7.06666666666668e-06
321 -6.93333333333332e-06
322 -7.06666666666668e-06
323 -7.06666666666668e-06
324 -7.26666666666673e-06
325 -7.20000000000005e-06
326 -7.19999999999997e-06
327 -7.19999999999997e-06
328 -7.33333333333333e-06
329 -7.33333333333333e-06
330 -7.06666666666668e-06
331 -6.86666666666664e-06
332 -6.93333333333339e-06
333 -7e-06
334 -7.13333333333336e-06
335 -7.13333333333329e-06
336 -7.19999999999997e-06
337 -7.26666666666665e-06
338 -7.26666666666665e-06
339 -7.4666666666667e-06
340 -7.46666666666662e-06
341 -7.53333333333338e-06
342 -7.5333333333333e-06
343 -7.73333333333335e-06
344 -7.79999999999995e-06
345 -7.53333333333338e-06
346 -7.40000000000002e-06
347 -7.60000000000006e-06
348 -7.93333333333332e-06
349 -7.93333333333332e-06
350 -7.39999999999994e-06
351 -7.40000000000002e-06
352 -7.66666666666667e-06
353 -8.20000000000005e-06
354 -7.86666666666664e-06
355 -7.53333333333338e-06
356 -7.26666666666665e-06
357 -7.4666666666667e-06
358 -7.4666666666667e-06
359 -7.39999999999994e-06
360 -7.4666666666667e-06
361 -7.59999999999991e-06
362 -7.73333333333342e-06
363 -7.79999999999988e-06
364 -7.66666666666667e-06
365 -7.59999999999991e-06
366 -7.53333333333346e-06
367 -7.73333333333342e-06
368 -7.86666666666679e-06
369 -7.86666666666664e-06
370 -8e-06
371 -7.66666666666667e-06
372 -7.59999999999991e-06
373 -7.33333333333333e-06
374 -7.73333333333327e-06
375 -7.93333333333339e-06
376 -7.93333333333324e-06
377 -7.80000000000003e-06
378 -7.66666666666667e-06
379 -7.86666666666664e-06
380 -7.73333333333327e-06
381 -7.66666666666667e-06
382 -7.60000000000006e-06
383 -7.66666666666667e-06
384 -7.66666666666667e-06
385 -7.86666666666664e-06
386 -7.66666666666667e-06
387 -8.13333333333336e-06
388 -7.86666666666664e-06
389 -8.13333333333336e-06
390 -7.73333333333327e-06
391 -7.73333333333342e-06
392 -7.86666666666664e-06
393 -7.80000000000003e-06
394 -7.80000000000003e-06
395 -7.93333333333339e-06
396 -7.86666666666664e-06
397 -7.86666666666664e-06
398 -7.5333333333333e-06
399 -7.73333333333342e-06
400 -7.80000000000003e-06
401 -7.86666666666664e-06
402 -7.93333333333324e-06
403 -7.79999999999988e-06
404 -7.86666666666664e-06
405 -7.86666666666664e-06
406 -7.93333333333339e-06
407 -8e-06
408 -7.86666666666679e-06
409 -7.80000000000003e-06
410 -7.80000000000003e-06
411 -7.79999999999988e-06
412 -7.73333333333327e-06
413 -7.66666666666667e-06
414 -7.4666666666667e-06
415 -7.66666666666667e-06
416 -7.66666666666667e-06
417 -7.86666666666664e-06
418 -8e-06
419 -8e-06
420 -8.13333333333336e-06
421 -8.06666666666676e-06
422 -8e-06
423 -7.93333333333339e-06
424 -7.73333333333327e-06
425 -7.60000000000006e-06
426 -7.59999999999991e-06
427 -7.73333333333327e-06
428 -7.93333333333324e-06
429 -7.86666666666679e-06
430 -7.93333333333339e-06
431 -7.80000000000003e-06
432 -7.93333333333324e-06
433 -7.80000000000003e-06
434 -7.93333333333339e-06
435 -7.86666666666664e-06
436 -8e-06
437 -8.06666666666661e-06
438 -8.20000000000012e-06
439 -8.26666666666658e-06
440 -8.13333333333336e-06
441 -7.99999999999985e-06
442 -7.66666666666667e-06
443 -7.86666666666664e-06
444 -7.93333333333339e-06
445 -8.13333333333336e-06
446 -8.19999999999997e-06
447 -8.33333333333333e-06
448 -8.39999999999994e-06
449 -8.13333333333336e-06
450 -8.06666666666661e-06
451 -8.06666666666676e-06
452 -8.13333333333336e-06
453 -8.13333333333336e-06
454 -8.19999999999997e-06
455 -8.39999999999994e-06
456 -8.5333333333333e-06
457 -8.33333333333333e-06
458 -8.06666666666676e-06
459 -8.20000000000012e-06
460 -8.4666666666667e-06
461 -8.93333333333324e-06
462 -8.59999999999991e-06
463 -8.39999999999994e-06
464 -8.33333333333333e-06
465 -8.33333333333333e-06
466 -8.4666666666667e-06
467 -8.26666666666673e-06
468 -8.4666666666667e-06
469 -8.4666666666667e-06
470 -8.59999999999991e-06
471 -8.73333333333327e-06
472 -8.86666666666664e-06
473 -8.73333333333343e-06
474 -8.60000000000006e-06
475 -8.4666666666667e-06
476 -8.5333333333333e-06
477 -8.4666666666667e-06
478 -8.5333333333333e-06
479 -8.66666666666667e-06
480 -8.80000000000003e-06
481 -8.73333333333327e-06
482 -8.5333333333333e-06
483 -8.46666666666655e-06
484 -8.53333333333345e-06
485 -8.60000000000006e-06
486 -8.60000000000006e-06
487 -8.5333333333333e-06
488 -8.4666666666667e-06
489 -8.5333333333333e-06
490 -8.73333333333327e-06
491 -8.86666666666664e-06
492 -8.66666666666667e-06
493 -8.60000000000006e-06
494 -8.59999999999991e-06
495 -8.73333333333343e-06
496 -8.73333333333327e-06
497 -8.66666666666667e-06
498 -8.66666666666667e-06
499 -8.60000000000006e-06
500 -8.53333333333345e-06
501 -8.5333333333333e-06
502 -8.59999999999991e-06
503 -8.66666666666667e-06
504 -8.73333333333327e-06
505 -8.66666666666667e-06
506 -8.73333333333327e-06
507 -8.60000000000006e-06
508 -8.60000000000006e-06
509 -8.5333333333333e-06
510 -8.59999999999991e-06
511 -8.60000000000006e-06
512 -8.5333333333333e-06
513 -8.53333333333345e-06
514 -8.5333333333333e-06
515 -8.53333333333345e-06
516 -8.46666666666655e-06
517 -8.4666666666667e-06
518 -8.46666666666655e-06
519 -8.53333333333345e-06
520 -8.46666666666655e-06
521 -8.4666666666667e-06
522 -8.39999999999994e-06
523 -8.4666666666667e-06
524 -8.5333333333333e-06
525 -8.5333333333333e-06
526 -8.60000000000006e-06
527 -8.60000000000006e-06
528 -8.73333333333343e-06
529 -8.59999999999991e-06
530 -8.60000000000006e-06
531 -8.5333333333333e-06
532 -8.53333333333345e-06
533 -8.5333333333333e-06
534 -8.4666666666667e-06
535 -8.46666666666655e-06
536 -8.4666666666667e-06
537 -8.46666666666655e-06
538 -8.53333333333345e-06
539 -8.5333333333333e-06
540 -8.66666666666667e-06
541 -8.73333333333327e-06
542 -8.73333333333327e-06
543 -8.73333333333343e-06
544 -8.73333333333327e-06
545 -8.93333333333339e-06
546 -8.93333333333324e-06
547 -8.86666666666679e-06
548 -8.66666666666667e-06
549 -8.80000000000003e-06
550 -9e-06
551 -9.06666666666661e-06
552 -8.86666666666664e-06
553 -8.79999999999988e-06
554 -8.80000000000003e-06
555 -9e-06
556 -9e-06
557 -8.93333333333339e-06
558 -8.80000000000003e-06
559 -8.73333333333343e-06
560 -8.79999999999988e-06
561 -8.80000000000003e-06
562 -8.80000000000003e-06
563 -8.80000000000003e-06
564 -8.80000000000003e-06
565 -8.86666666666664e-06
566 -9e-06
567 -9.06666666666661e-06
568 -9e-06
569 -8.86666666666664e-06
570 -8.93333333333339e-06
571 -9.06666666666661e-06
572 -9.13333333333336e-06
573 -9e-06
574 -8.86666666666664e-06
575 -8.80000000000003e-06
576 -8.86666666666664e-06
577 -8.80000000000003e-06
578 -8.86666666666664e-06
579 -8.80000000000003e-06
580 -8.93333333333339e-06
581 -8.93333333333339e-06
582 -8.93333333333324e-06
583 -8.93333333333324e-06
584 -8.93333333333324e-06
585 -9e-06
586 -9.06666666666676e-06
587 -9e-06
588 -9e-06
589 -9.13333333333336e-06
590 -9.26666666666673e-06
591 -9.26666666666673e-06
592 -9e-06
593 -9e-06
594 -8.93333333333339e-06
595 -9e-06
596 -9e-06
597 -9.06666666666661e-06
598 -9.06666666666661e-06
599 -9e-06
600 -9.06666666666661e-06
601 -9.06666666666661e-06
602 -9e-06
603 -8.86666666666679e-06
604 -8.73333333333327e-06
605 -8.79999999999988e-06
606 -8.86666666666648e-06
607 -8.93333333333339e-06
608 -8.86666666666679e-06
609 -8.93333333333339e-06
610 -9e-06
611 -9.06666666666661e-06
612 -9.06666666666661e-06
613 -9.06666666666661e-06
614 -9.13333333333352e-06
615 -9.06666666666691e-06
616 -9.20000000000012e-06
617 -9.06666666666661e-06
618 -9.13333333333321e-06
619 -8.93333333333339e-06
620 -9.13333333333321e-06
621 -9.13333333333321e-06
622 -9.19999999999982e-06
623 -9.06666666666661e-06
624 -9.06666666666691e-06
625 -9.20000000000012e-06
626 -9.20000000000012e-06
627 -9.13333333333321e-06
628 -9.06666666666661e-06
629 -9.06666666666661e-06
630 -9.06666666666661e-06
631 -9.06666666666661e-06
632 -9.06666666666661e-06
633 -9.13333333333352e-06
634 -9.06666666666691e-06
635 -9.06666666666691e-06
636 -9.06666666666661e-06
637 -9.06666666666661e-06
638 -9.19999999999982e-06
639 -9.13333333333321e-06
640 -9.26666666666673e-06
641 -9.06666666666661e-06
642 -9.20000000000012e-06
643 -9.06666666666661e-06
644 -9.20000000000012e-06
645 -9.13333333333321e-06
646 -9.13333333333321e-06
647 -9.20000000000012e-06
648 -9.20000000000012e-06
649 -9.20000000000012e-06
650 -9.19999999999982e-06
651 -9.26666666666673e-06
652 -9.39999999999994e-06
653 -9.39999999999994e-06
654 -9.33333333333333e-06
655 -9.26666666666673e-06
656 -9.26666666666673e-06
657 -9.33333333333333e-06
658 -9.46666666666655e-06
659 -9.46666666666685e-06
660 -9.46666666666655e-06
661 -9.39999999999994e-06
662 -9.39999999999994e-06
663 -9.46666666666655e-06
664 -9.46666666666685e-06
665 -9.53333333333315e-06
666 -9.46666666666685e-06
667 -9.46666666666655e-06
668 -9.46666666666685e-06
669 -9.46666666666655e-06
670 -9.53333333333345e-06
671 -9.39999999999994e-06
672 -9.46666666666685e-06
673 -9.46666666666655e-06
674 -9.53333333333345e-06
675 -9.39999999999994e-06
676 -9.33333333333333e-06
677 -9.33333333333333e-06
678 -9.33333333333333e-06
679 -9.33333333333333e-06
680 -9.33333333333333e-06
681 -9.33333333333333e-06
682 -9.33333333333333e-06
683 -9.33333333333333e-06
684 -9.39999999999994e-06
685 -9.39999999999994e-06
686 -9.33333333333333e-06
687 -9.46666666666655e-06
688 -9.40000000000018e-06
689 -9.06666666666661e-06
690 -8.86666666666685e-06
691 -9.06666666666666e-06
692 -9.66666666666666e-06
693 -9.8e-06
694 -9.66666666666667e-06
695 -9.53333333333334e-06
696 -9.59999999999999e-06
697 -9.53333333333334e-06
698 -9.46666666666666e-06
699 -9.2e-06
700 -9.26666666666666e-06
701 -9.20000000000001e-06
702 -9.26666666666667e-06
703 -9.2e-06
704 -9.19999999999999e-06
705 -9.33333333333333e-06
706 -9.4e-06
707 -9.46666666666668e-06
708 -9.4e-06
709 -9.40000000000001e-06
710 -9.53333333333332e-06
711 -9.6e-06
712 -9.59999999999999e-06
713 -9.46666666666668e-06
714 -9.46666666666666e-06
715 -9.53333333333334e-06
716 -9.6e-06
717 -9.6e-06
718 -9.6e-06
719 -9.66666666666667e-06
720 -9.73333333333333e-06
721 -9.79999999999999e-06
722 -9.73333333333333e-06
723 -9.6e-06
724 -9.53333333333334e-06
725 -9.53333333333332e-06
726 -9.66666666666667e-06
727 -9.6e-06
728 -9.53333333333334e-06
729 -9.46666666666668e-06
730 -9.59999999999999e-06
731 -9.59999999999999e-06
732 -9.59999999999999e-06
733 -9.46666666666666e-06
734 -9.60000000000002e-06
735 -9.53333333333334e-06
736 -9.53333333333334e-06
737 -9.39999999999998e-06
738 -9.46666666666666e-06
739 -9.53333333333334e-06
740 -9.60000000000002e-06
741 -9.60000000000002e-06
742 -9.59999999999999e-06
743 -9.53333333333334e-06
744 -9.46666666666666e-06
745 -9.53333333333334e-06
746 -9.46666666666666e-06
747 -9.39999999999998e-06
748 -9.40000000000001e-06
749 -9.53333333333334e-06
750 -9.73333333333335e-06
751 -9.59999999999999e-06
752 -9.59999999999999e-06
753 -9.53333333333334e-06
754 -9.73333333333335e-06
755 -9.79999999999999e-06
756 -9.79999999999999e-06
757 -9.66666666666667e-06
758 -9.60000000000002e-06
759 -9.59999999999999e-06
760 -9.73333333333331e-06
761 -9.73333333333331e-06
762 -9.80000000000003e-06
763 -9.53333333333334e-06
764 -9.46666666666666e-06
765 -9.46666666666666e-06
766 -9.60000000000002e-06
767 -9.66666666666667e-06
768 -9.59999999999999e-06
769 -9.73333333333331e-06
770 -9.73333333333335e-06
771 -9.53333333333334e-06
772 -9.26666666666669e-06
773 -9.26666666666665e-06
774 -9.46666666666666e-06
775 -9.5333333333333e-06
776 -9.40000000000001e-06
777 -9.46666666666666e-06
778 -9.4666666666667e-06
779 -9.59999999999999e-06
780 -9.4666666666667e-06
781 -9.5333333333333e-06
782 -9.53333333333334e-06
783 -9.5333333333333e-06
784 -9.4666666666667e-06
785 -9.39999999999998e-06
786 -9.40000000000001e-06
787 -9.40000000000001e-06
788 -9.40000000000001e-06
789 -9.5333333333333e-06
790 -9.46666666666662e-06
791 -9.59999999999999e-06
792 -9.4666666666667e-06
793 -9.53333333333338e-06
794 -9.40000000000001e-06
795 -9.4666666666667e-06
796 -9.59999999999999e-06
797 -9.73333333333335e-06
798 -9.59999999999999e-06
799 -9.59999999999999e-06
800 -9.4666666666667e-06
801 -9.5333333333333e-06
802 -9.4666666666667e-06
803 -9.59999999999999e-06
804 -9.73333333333335e-06
805 -9.79999999999995e-06
806 -9.73333333333335e-06
807 -9.73333333333335e-06
808 -9.73333333333335e-06
809 -9.79999999999995e-06
810 -9.86666666666664e-06
811 -9.80000000000003e-06
812 -9.73333333333335e-06
813 -9.53333333333338e-06
814 -9.73333333333327e-06
815 -9.66666666666667e-06
816 -9.79999999999995e-06
817 -9.53333333333338e-06
818 -9.66666666666667e-06
819 -9.53333333333338e-06
820 -9.5333333333333e-06
821 -9.4666666666667e-06
822 -9.46666666666662e-06
823 -9.53333333333338e-06
824 -9.46666666666662e-06
825 -9.53333333333338e-06
826 -9.39999999999994e-06
827 -9.4666666666667e-06
828 -9.39999999999994e-06
829 -9.33333333333333e-06
830 -9.33333333333333e-06
831 -9.26666666666673e-06
832 -9.4666666666667e-06
833 -9.5333333333333e-06
834 -9.66666666666667e-06
835 -9.80000000000003e-06
836 -9.86666666666671e-06
837 -1e-05
838 -9.93333333333332e-06
839 -9.73333333333327e-06
840 -9.66666666666667e-06
841 -9.73333333333335e-06
842 -9.86666666666671e-06
843 -1e-05
844 -9.86666666666664e-06
845 -9.86666666666664e-06
846 -9.59999999999999e-06
847 -9.4666666666667e-06
848 -9.26666666666665e-06
849 -9.40000000000001e-06
850 -9.5333333333333e-06
851 -9.53333333333338e-06
852 -9.46666666666662e-06
853 -9.5333333333333e-06
854 -9.5333333333333e-06
855 -9.53333333333338e-06
856 -9.53333333333338e-06
857 -9.59999999999999e-06
858 -9.59999999999999e-06
859 -9.46666666666662e-06
860 -9.60000000000006e-06
861 -9.46666666666662e-06
862 -9.53333333333338e-06
863 -9.5333333333333e-06
864 -9.66666666666667e-06
865 -9.66666666666667e-06
866 -9.4666666666667e-06
867 -9.4666666666667e-06
868 -9.66666666666667e-06
869 -9.79999999999995e-06
870 -9.73333333333335e-06
871 -9.59999999999999e-06
872 -9.59999999999999e-06
873 -9.79999999999995e-06
874 -9.80000000000003e-06
875 -1e-05
876 -9.60000000000006e-06
877 -9.5333333333333e-06
878 -9.33333333333341e-06
879 -9.73333333333335e-06
880 -9.66666666666667e-06
881 -9.66666666666667e-06
882 -9.59999999999999e-06
883 -9.86666666666671e-06
884 -9.93333333333332e-06
885 -9.86666666666664e-06
886 -9.86666666666664e-06
887 -9.93333333333332e-06
888 -9.80000000000003e-06
889 -9.5333333333333e-06
890 -9.66666666666667e-06
891 -1.01333333333333e-05
892 -1.02666666666667e-05
893 -9.93333333333339e-06
894 -9.60000000000006e-06
895 -9.66666666666667e-06
896 -9.86666666666664e-06
897 -9.86666666666664e-06
898 -9.80000000000003e-06
899 -9.66666666666667e-06
900 -9.60000000000006e-06
901 -9.59999999999991e-06
902 -9.66666666666667e-06
903 -9.86666666666664e-06
904 -9.80000000000003e-06
905 -9.59999999999991e-06
906 -9.5333333333333e-06
907 -9.26666666666673e-06
908 -9.4666666666667e-06
909 -9.39999999999994e-06
910 -9.66666666666667e-06
911 -9.5333333333333e-06
912 -9.60000000000006e-06
913 -9.73333333333327e-06
914 -9.53333333333345e-06
915 -9.26666666666673e-06
916 -9e-06
917 -9.26666666666658e-06
918 -9.39999999999994e-06
919 -9.60000000000006e-06
920 -9.66666666666667e-06
921 -9.80000000000003e-06
922 -9.73333333333327e-06
923 -9.40000000000009e-06
924 -9.4666666666667e-06
925 -9.4666666666667e-06
926 -9.59999999999991e-06
927 -9.39999999999994e-06
928 -9.4666666666667e-06
929 -9.73333333333343e-06
930 -9.86666666666664e-06
931 -9.73333333333327e-06
932 -9.66666666666667e-06
933 -9.5333333333333e-06
934 -9.66666666666667e-06
935 -9.46666666666655e-06
936 -9.53333333333345e-06
937 -9.4666666666667e-06
938 -9.60000000000006e-06
939 -9.5333333333333e-06
940 -9.59999999999991e-06
941 -9.33333333333333e-06
942 -9.39999999999994e-06
943 -9.33333333333333e-06
944 -9.39999999999994e-06
945 -9.5333333333333e-06
946 -9.53333333333345e-06
947 -9.80000000000003e-06
948 -9.86666666666679e-06
949 -9.93333333333324e-06
950 -9.86666666666664e-06
951 -9.33333333333333e-06
952 -9.13333333333336e-06
953 -9.26666666666673e-06
954 -9.39999999999994e-06
955 -9.33333333333333e-06
956 -9.13333333333336e-06
957 -9.26666666666673e-06
958 -9.39999999999994e-06
959 -9.33333333333333e-06
960 -9.26666666666658e-06
961 -9.26666666666673e-06
962 -9.33333333333333e-06
963 -9.40000000000009e-06
964 -9.4666666666667e-06
965 -9.4666666666667e-06
966 -9.39999999999994e-06
967 -9e-06
968 -9.06666666666661e-06
969 -9.26666666666673e-06
970 -9.4666666666667e-06
971 -9.60000000000006e-06
972 -9.5333333333333e-06
973 -9.5333333333333e-06
974 -9.39999999999994e-06
975 -9.19999999999997e-06
976 -9.39999999999994e-06
977 -9.19999999999997e-06
978 -9.26666666666673e-06
979 -9.19999999999997e-06
980 -9.33333333333333e-06
981 -9.46666666666655e-06
982 -9.26666666666673e-06
983 -9.19999999999997e-06
984 -9.26666666666673e-06
985 -9.60000000000006e-06
986 -9.66666666666667e-06
987 -9.4666666666667e-06
988 -9.06666666666661e-06
989 -9e-06
990 -9.13333333333336e-06
991 -9.39999999999994e-06
992 -9.33333333333333e-06
993 -9.26666666666658e-06
994 -9.20000000000012e-06
995 -9.53333333333345e-06
996 -9.4666666666667e-06
997 -9.5333333333333e-06
998 -9.26666666666658e-06
999 -9.33333333333333e-06
1000 -9.26666666666658e-06
1001 -9.33333333333333e-06
1002 -9.39999999999994e-06
1003 -9.4666666666667e-06
1004 -9.4666666666667e-06
1005 -9.40000000000009e-06
1006 -9.40000000000009e-06
1007 -9.33333333333333e-06
1008 -9.33333333333333e-06
1009 -9.19999999999997e-06
1010 -9.26666666666673e-06
1011 -9.06666666666661e-06
1012 -8.93333333333324e-06
1013 -9.13333333333321e-06
1014 -9.40000000000009e-06
1015 -9.66666666666667e-06
1016 -9.33333333333333e-06
1017 -9.06666666666661e-06
1018 -8.86666666666679e-06
1019 -9.40000000000009e-06
1020 -9.93333333333339e-06
1021 -1e-05
1022 -9.4666666666667e-06
1023 -8.59999999999991e-06
1024 -8.93333333333324e-06
1025 -9.13333333333321e-06
1026 -9.60000000000006e-06
1027 -9.4666666666667e-06
1028 -9.20000000000012e-06
1029 -9.39999999999994e-06
1030 -9.39999999999994e-06
1031 -9.59999999999991e-06
1032 -9.19999999999997e-06
1033 -9.20000000000012e-06
1034 -9.26666666666673e-06
1035 -9.40000000000009e-06
1036 -9.33333333333333e-06
1037 -9.33333333333333e-06
1038 -9.59999999999991e-06
1039 -9.46666666666655e-06
1040 -9.19999999999997e-06
1041 -9.13333333333336e-06
1042 -9.13333333333336e-06
1043 -9.19999999999997e-06
1044 -9e-06
1045 -9e-06
1046 -9.06666666666676e-06
1047 -9.13333333333336e-06
1048 -9.13333333333336e-06
1049 -9.19999999999997e-06
1050 -9.06666666666661e-06
1051 -9.19999999999997e-06
1052 -9.13333333333336e-06
1053 -9.33333333333333e-06
1054 -9.19999999999997e-06
1055 -9.06666666666661e-06
1056 -9e-06
1057 -9.06666666666676e-06
1058 -9.26666666666673e-06
1059 -9.26666666666673e-06
1060 -9.26666666666658e-06
1061 -9.46666666666655e-06
1062 -9.39999999999994e-06
1063 -9.33333333333333e-06
1064 -9.40000000000009e-06
1065 -9.33333333333333e-06
1066 -9.20000000000012e-06
1067 -9e-06
1068 -9.06666666666676e-06
1069 -9.13333333333321e-06
1070 -9e-06
1071 -9e-06
1072 -9.06666666666676e-06
1073 -9.06666666666661e-06
1074 -9.13333333333336e-06
1075 -9.06666666666661e-06
1076 -8.73333333333343e-06
1077 -8.39999999999994e-06
1078 -8.5333333333333e-06
1079 -8.73333333333327e-06
1080 -9.06666666666661e-06
1081 -9.26666666666673e-06
1082 -9.26666666666673e-06
1083 -9.06666666666676e-06
1084 -8.60000000000006e-06
1085 -8.59999999999991e-06
1086 -8.66666666666667e-06
1087 -8.73333333333327e-06
1088 -8.80000000000003e-06
1089 -8.86666666666664e-06
1090 -8.86666666666664e-06
1091 -8.5333333333333e-06
1092 -8.4666666666667e-06
1093 -8.4666666666667e-06
1094 -8.73333333333343e-06
1095 -9.06666666666661e-06
1096 -8.93333333333339e-06
1097 -9.4e-06
1098 -9.20000000000008e-06
1099 -9.66666666666666e-06
1100 -9.06666666666666e-06
1101 -9e-06
1102 -9e-06
1103 -9.33333333333333e-06
1104 -9.4e-06
1105 -9.06666666666666e-06
1106 -9.53333333333333e-06
1107 -9.6e-06
1108 -9.86666666666667e-06
1109 -9.2e-06
1110 -9e-06
1111 -9e-06
1112 -9.20000000000001e-06
1113 -9.59999999999999e-06
1114 -9.13333333333333e-06
1115 -9.13333333333333e-06
1116 -8.86666666666667e-06
1117 -9.33333333333333e-06
1118 -9.33333333333333e-06
1119 -9.33333333333333e-06
1120 -9.46666666666668e-06
1121 -9.33333333333333e-06
1122 -9.33333333333333e-06
1123 -9.19999999999999e-06
1124 -9.4e-06
1125 -9.46666666666666e-06
1126 -9.33333333333333e-06
1127 -9.33333333333333e-06
1128 -9.20000000000001e-06
1129 -9.40000000000001e-06
1130 -9.33333333333333e-06
1131 -9.33333333333333e-06
1132 -9.33333333333333e-06
1133 -9.4e-06
1134 -9.6e-06
1135 -9.59999999999999e-06
1136 -9.6e-06
1137 -9.6e-06
1138 -9.40000000000001e-06
1139 -9.46666666666666e-06
1140 -9.53333333333334e-06
1141 -9.59999999999999e-06
1142 -9.60000000000002e-06
1143 -9.26666666666665e-06
1144 -9.20000000000001e-06
1145 -9.33333333333333e-06
1146 -9.40000000000001e-06
1147 -9.73333333333335e-06
1148 -9.66666666666667e-06
1149 -9.86666666666667e-06
1150 -1.00666666666667e-05
1151 -9.40000000000001e-06
1152 -9.66666666666667e-06
1153 -9.33333333333333e-06
1154 -9.39999999999998e-06
1155 -9.06666666666668e-06
1156 -8.73333333333331e-06
1157 -8.86666666666667e-06
1158 -8.79999999999999e-06
1159 -9.20000000000001e-06
1160 -9.60000000000002e-06
1161 -9.53333333333334e-06
1162 -9e-06
1163 -8.79999999999999e-06
1164 -8.86666666666664e-06
1165 -9.26666666666669e-06
1166 -9.13333333333333e-06
1167 -9.20000000000001e-06
1168 -9.13333333333333e-06
1169 -9.33333333333333e-06
1170 -9.46666666666666e-06
1171 -9.59999999999999e-06
1172 -9.66666666666667e-06
1173 -9.33333333333333e-06
1174 -9e-06
1175 -8.93333333333332e-06
1176 -9.06666666666668e-06
1177 -9.26666666666669e-06
1178 -9.13333333333336e-06
1179 -9.20000000000001e-06
1180 -9.39999999999998e-06
1181 -9.66666666666667e-06
1182 -9.59999999999999e-06
1183 -9.86666666666667e-06
1184 -9.66666666666667e-06
1185 -9.73333333333335e-06
1186 -9.40000000000001e-06
1187 -9.5333333333333e-06
1188 -9.73333333333331e-06
1189 -9.86666666666664e-06
1190 -1e-05
1191 -1.01333333333334e-05
1192 -1e-05
1193 -1.02666666666667e-05
1194 -1.02e-05
1195 -1.00666666666667e-05
1196 -9.86666666666671e-06
1197 -1e-05
1198 -1.01333333333334e-05
1199 -1.02e-05
1200 -1.00666666666667e-05
1201 -9.93333333333332e-06
1202 -1.02e-05
1203 -9.80000000000003e-06
1204 -9.86666666666664e-06
1205 -9.5333333333333e-06
1206 -9.59999999999999e-06
1207 -9.73333333333335e-06
1208 -9.66666666666667e-06
1209 -9.86666666666664e-06
1210 -9.73333333333335e-06
1211 -9.73333333333335e-06
1212 -9.80000000000003e-06
1213 -9.93333333333332e-06
1214 -9.79999999999995e-06
1215 -9.59999999999999e-06
1216 -9.59999999999999e-06
1217 -9.73333333333335e-06
1218 -9.86666666666664e-06
1219 -9.86666666666671e-06
1220 -9.86666666666671e-06
1221 -9.93333333333339e-06
1222 -1.00666666666666e-05
1223 -1e-05
1224 -9.93333333333332e-06
1225 -1e-05
1226 -1.01333333333333e-05
1227 -1.01333333333333e-05
1228 -1.01333333333334e-05
1229 -1.00666666666667e-05
1230 -1.02e-05
1231 -1.00666666666667e-05
1232 -1.03333333333333e-05
1233 -1e-05
1234 -1.02666666666667e-05
1235 -1.02e-05
1236 -1.03333333333333e-05
1237 -9.93333333333332e-06
1238 -9.80000000000003e-06
1239 -9.86666666666664e-06
1240 -1e-05
1241 -1.00666666666667e-05
1242 -1.01333333333334e-05
1243 -1.02e-05
1244 -1.01333333333333e-05
1245 -1.01333333333333e-05
1246 -1.02e-05
1247 -1.02666666666667e-05
1248 -1.04666666666667e-05
1249 -1.03333333333333e-05
1250 -1.02666666666667e-05
1251 -1.00666666666667e-05
1252 -1.02666666666667e-05
1253 -9.86666666666664e-06
1254 -9.79999999999995e-06
1255 -9.66666666666667e-06
1256 -1.02e-05
1257 -1.02666666666667e-05
1258 -1.02666666666667e-05
1259 -9.93333333333332e-06
1260 -1e-05
1261 -1.02666666666667e-05
1262 -1.03333333333333e-05
1263 -1.02666666666667e-05
1264 -9.93333333333332e-06
1265 -9.86666666666664e-06
1266 -9.86666666666664e-06
1267 -9.86666666666664e-06
1268 -1e-05
1269 -9.86666666666671e-06
1270 -9.80000000000003e-06
1271 -9.86666666666671e-06
1272 -9.86666666666664e-06
1273 -1.00666666666667e-05
1274 -9.93333333333332e-06
1275 -1.01333333333334e-05
1276 -9.93333333333332e-06
1277 -1.00666666666667e-05
1278 -9.93333333333332e-06
1279 -1.00666666666667e-05
1280 -1.00666666666666e-05
1281 -1.02666666666667e-05
1282 -1.03333333333333e-05
1283 -1.02666666666667e-05
1284 -1.02666666666667e-05
1285 -1.01333333333333e-05
1286 -1.01333333333333e-05
1287 -1.01333333333334e-05
1288 -1.02e-05
1289 -1.02e-05
1290 -1.00666666666667e-05
1291 -1e-05
1292 -1.00666666666666e-05
1293 -1.02e-05
1294 -1.02e-05
1295 -1.02666666666667e-05
1296 -1.00666666666666e-05
1297 -1.01333333333334e-05
1298 -1.00666666666666e-05
1299 -1.02666666666667e-05
1300 -1.02666666666666e-05
1301 -1.02e-05
1302 -1.02e-05
1303 -1e-05
1304 -1.00666666666668e-05
1305 -1.01333333333334e-05
1306 -1.03333333333333e-05
1307 -1.04666666666667e-05
1308 -1.01333333333334e-05
1309 -1.01333333333334e-05
1310 -1e-05
1311 -1.00666666666666e-05
1312 -1e-05
1313 -1e-05
1314 -1e-05
1315 -1e-05
1316 -9.5333333333333e-06
1317 -9.73333333333343e-06
1318 -9.5333333333333e-06
1319 -9.86666666666664e-06
1320 -9.66666666666667e-06
1321 -9.93333333333339e-06
1322 -9.80000000000003e-06
1323 -9.66666666666667e-06
1324 -9.66666666666667e-06
1325 -9.73333333333327e-06
1326 -9.66666666666667e-06
1327 -9.4666666666667e-06
1328 -9.60000000000006e-06
1329 -9.86666666666664e-06
1330 -1e-05
1331 -9.59999999999991e-06
1332 -9.39999999999994e-06
1333 -9.4666666666667e-06
1334 -9.93333333333339e-06
1335 -9.86666666666664e-06
1336 -9.66666666666667e-06
1337 -9.60000000000006e-06
1338 -9.86666666666679e-06
1339 -1.00666666666666e-05
1340 -1e-05
1341 -9.93333333333324e-06
1342 -9.86666666666664e-06
1343 -9.86666666666664e-06
1344 -9.86666666666664e-06
1345 -1.00666666666668e-05
1346 -9.93333333333324e-06
1347 -9.93333333333339e-06
1348 -9.79999999999988e-06
1349 -1.00666666666668e-05
1350 -1.02666666666667e-05
1351 -1.01333333333334e-05
1352 -1.00666666666666e-05
1353 -1.00666666666666e-05
1354 -1.03333333333333e-05
1355 -1.02666666666667e-05
1356 -1.02e-05
1357 -1.01333333333334e-05
1358 -1.02e-05
1359 -1.02666666666667e-05
1360 -1.02666666666667e-05
1361 -1.03999999999999e-05
1362 -1.02666666666666e-05
1363 -1.02666666666666e-05
1364 -1.01333333333334e-05
1365 -1.02666666666667e-05
1366 -1.02e-05
1367 -1.01333333333334e-05
1368 -1e-05
1369 -9.93333333333339e-06
1370 -1.02666666666667e-05
1371 -1.02666666666667e-05
1372 -1.03333333333333e-05
1373 -1.01333333333332e-05
1374 -1.01333333333332e-05
1375 -1.03333333333333e-05
1376 -1.03333333333333e-05
1377 -1.04666666666667e-05
1378 -1e-05
1379 -9.86666666666679e-06
1380 -9.73333333333343e-06
1381 -9.86666666666664e-06
1382 -9.86666666666664e-06
1383 -9.86666666666664e-06
1384 -1e-05
1385 -1e-05
1386 -9.86666666666664e-06
1387 -9.66666666666667e-06
1388 -9.66666666666667e-06
1389 -9.80000000000003e-06
1390 -9.93333333333339e-06
1391 -9.86666666666664e-06
1392 -9.93333333333324e-06
1393 -9.93333333333324e-06
1394 -1e-05
1395 -9.80000000000003e-06
1396 -9.53333333333345e-06
1397 -9.66666666666667e-06
1398 -9.80000000000003e-06
1399 -9.93333333333324e-06
1400 -9.80000000000003e-06
1401 -9.93333333333339e-06
1402 -1.01333333333334e-05
1403 -1.02e-05
1404 -1.02666666666666e-05
1405 -1.02e-05
1406 -1.03333333333333e-05
1407 -1.01333333333334e-05
1408 -1.01333333333334e-05
1409 -9.80000000000003e-06
1410 -9.93333333333339e-06
1411 -9.93333333333339e-06
1412 -1.02e-05
1413 -1.02666666666666e-05
1414 -9.93333333333324e-06
1415 -1.00666666666666e-05
1416 -1.00666666666668e-05
1417 -1.02e-05
1418 -1e-05
1419 -9.59999999999991e-06
1420 -9.86666666666679e-06
1421 -9.93333333333339e-06
1422 -9.93333333333339e-06
1423 -9.93333333333324e-06
1424 -9.4666666666667e-06
1425 -1.00666666666666e-05
1426 -9.93333333333339e-06
1427 -1.03333333333333e-05
1428 -9.93333333333339e-06
1429 -1e-05
1430 -1e-05
1431 -1e-05
1432 -1.01333333333334e-05
1433 -1e-05
1434 -9.93333333333324e-06
1435 -9.59999999999991e-06
1436 -9.80000000000003e-06
1437 -9.86666666666679e-06
1438 -9.33333333333318e-06
1439 -9.33333333333318e-06
1440 -9.06666666666646e-06
1441 -9.60000000000006e-06
1442 -9.73333333333327e-06
1443 -9.86666666666664e-06
1444 -1.00666666666666e-05
1445 -9.73333333333327e-06
1446 -9.60000000000006e-06
1447 -9.73333333333343e-06
1448 -9.66666666666667e-06
1449 -9.73333333333327e-06
1450 -9.73333333333327e-06
1451 -9.73333333333343e-06
1452 -9.86666666666664e-06
1453 -9.60000000000006e-06
1454 -9.5333333333333e-06
1455 -9.60000000000006e-06
1456 -9.59999999999991e-06
1457 -9.86666666666664e-06
1458 -9.60000000000006e-06
1459 -9.73333333333343e-06
1460 -9.60000000000006e-06
1461 -9.66666666666667e-06
1462 -9.73333333333327e-06
1463 -9.80000000000003e-06
1464 -9.79999999999988e-06
1465 -1.00666666666666e-05
1466 -9.86666666666664e-06
1467 -9.66666666666667e-06
1468 -8.93333333333339e-06
1469 -9.13333333333336e-06
1470 -9.4666666666667e-06
1471 -9.80000000000003e-06
1472 -9.59999999999991e-06
1473 -9.80000000000003e-06
1474 -9.93333333333324e-06
1475 -9.93333333333339e-06
1476 -9.73333333333327e-06
1477 -9.40000000000009e-06
1478 -9.4666666666667e-06
1479 -9.53333333333345e-06
1480 -9.5333333333333e-06
1481 -9.73333333333327e-06
1482 -9.33333333333333e-06
1483 -9.66666666666667e-06
1484 -9.80000000000003e-06
1485 -1e-05
1486 -9.86666666666664e-06
1487 -9.5333333333333e-06
1488 -9.66666666666667e-06
1489 -9.66666666666667e-06
1490 -9.66666666666667e-06
1491 -9.73333333333327e-06
1492 -9.80000000000003e-06
1493 -1.00666666666666e-05
1494 -9.86666666666664e-06
1495 -9.66666666666667e-06
1496 -9.40000000000009e-06
1497 -9.60000000000006e-06
1498 -9.93333333333339e-06
1499 -9.93333333333324e-06
1500 -9.59999999999991e-06
1501 -9.33333333333333e-06
1502 -9.53333333333345e-06
1503 -9.60000000000006e-06
1504 -9.86666666666648e-06
1505 -9.60000000000006e-06
1506 -9.53333333333345e-06
1507 -9.46666666666685e-06
1508 -9.59999999999976e-06
1509 -9.53333333333315e-06
1510 -9.53333333333315e-06
1511 -9.46666666666685e-06
1512 -9.73333333333327e-06
1513 -9.53333333333345e-06
1514 -9.60000000000006e-06
1515 -9.53333333333345e-06
1516 -9.53333333333345e-06
1517 -9.46666666666655e-06
1518 -9.53333333333345e-06
1519 -9.66666666666667e-06
1520 -9.39999999999994e-06
1521 -9.46666666666655e-06
1522 -9.39999999999994e-06
1523 -9.66666666666667e-06
1524 -9.66666666666667e-06
1525 -9.66666666666667e-06
1526 -9.80000000000018e-06
1527 -9.86666666666679e-06
1528 -1e-05
1529 -9.86666666666648e-06
1530 -9.66666666666667e-06
1531 -9.46666666666655e-06
1532 -9.60000000000006e-06
1533 -9.53333333333315e-06
1534 -9.73333333333327e-06
1535 -9.53333333333345e-06
1536 -1e-05
1537 -1.00666666666669e-05
1538 -1.03999999999999e-05
1539 -1.01333333333335e-05
1540 -9.93333333333309e-06
1541 -9.73333333333327e-06
1542 -9.79999999999988e-06
1543 -9.73333333333358e-06
1544 -1.02000000000001e-05
1545 -1.01333333333332e-05
1546 -1.02666666666664e-05
1547 -1.01999999999998e-05
1548 -1.05333333333333e-05
1549 -1.08e-05
1550 -1.04e-05
1551 -1.00666666666667e-05
1552 -9.6e-06
1553 -9.73333333333334e-06
1554 -9.8e-06
1555 -1.01333333333333e-05
1556 -1.00666666666667e-05
1557 -1.01333333333333e-05
1558 -9.93333333333334e-06
1559 -9.93333333333332e-06
1560 -9.86666666666666e-06
1561 -1.01333333333333e-05
1562 -9.80000000000001e-06
1563 -9.86666666666667e-06
1564 -9.53333333333334e-06
1565 -1.01333333333333e-05
1566 -9.79999999999999e-06
1567 -9.66666666666667e-06
1568 -9.6e-06
1569 -9.46666666666668e-06
1570 -9.79999999999999e-06
1571 -9.26666666666667e-06
1572 -9.33333333333333e-06
1573 -9.13333333333333e-06
1574 -9.4e-06
1575 -9.46666666666666e-06
1576 -9.73333333333335e-06
1577 -9.6e-06
1578 -9.53333333333334e-06
1579 -9.26666666666665e-06
1580 -9.26666666666667e-06
1581 -9.66666666666667e-06
1582 -9.73333333333335e-06
1583 -9.46666666666666e-06
1584 -9.26666666666667e-06
1585 -9.06666666666664e-06
1586 -9.46666666666666e-06
1587 -9.53333333333334e-06
1588 -9.40000000000001e-06
1589 -9.13333333333333e-06
1590 -9.13333333333333e-06
1591 -9.79999999999999e-06
1592 -1.00666666666667e-05
1593 -9.59999999999999e-06
1594 -9e-06
1595 -9e-06
1596 -9.79999999999999e-06
1597 -9.93333333333336e-06
1598 -9.79999999999999e-06
1599 -9.13333333333336e-06
1600 -9.06666666666664e-06
1601 -9.26666666666669e-06
1602 -9.39999999999998e-06
1603 -9.66666666666667e-06
1604 -9.59999999999999e-06
1605 -9.73333333333335e-06
1606 -9.60000000000002e-06
1607 -9.46666666666666e-06
1608 -9.66666666666667e-06
1609 -9.66666666666667e-06
1610 -9.79999999999999e-06
1611 -9.66666666666667e-06
1612 -9.66666666666667e-06
1613 -9.40000000000001e-06
1614 -9.26666666666665e-06
1615 -9.26666666666665e-06
1616 -9.53333333333334e-06
1617 -9.33333333333333e-06
1618 -9.13333333333333e-06
1619 -9.33333333333333e-06
1620 -9.53333333333334e-06
1621 -9.79999999999999e-06
1622 -9.26666666666665e-06
1623 -9.53333333333334e-06
1624 -9.26666666666669e-06
1625 -9.66666666666667e-06
1626 -9.53333333333334e-06
1627 -9.73333333333331e-06
1628 -9.79999999999999e-06
1629 -9.59999999999999e-06
1630 -9.60000000000002e-06
1631 -9.33333333333333e-06
1632 -9.40000000000001e-06
1633 -9.59999999999999e-06
1634 -9.86666666666667e-06
1635 -1e-05
1636 -9.39999999999998e-06
1637 -9.26666666666669e-06
1638 -9.40000000000001e-06
1639 -9.93333333333339e-06
1640 -1e-05
1641 -1e-05
1642 -9.79999999999995e-06
1643 -9.59999999999999e-06
1644 -9.5333333333333e-06
1645 -9.59999999999999e-06
1646 -9.26666666666665e-06
1647 -9.06666666666668e-06
1648 -9.13333333333336e-06
1649 -9.73333333333335e-06
1650 -9.73333333333335e-06
1651 -9.5333333333333e-06
1652 -9.33333333333333e-06
1653 -9.33333333333333e-06
1654 -9.66666666666667e-06
1655 -9.80000000000003e-06
1656 -9.79999999999995e-06
1657 -9.53333333333338e-06
1658 -9.33333333333333e-06
1659 -9.33333333333333e-06
1660 -9.19999999999997e-06
1661 -9.33333333333333e-06
1662 -9.53333333333338e-06
1663 -9.66666666666667e-06
1664 -9.66666666666667e-06
1665 -9.33333333333333e-06
1666 -9.33333333333333e-06
1667 -9.39999999999994e-06
1668 -9.5333333333333e-06
1669 -9.73333333333335e-06
1670 -9.73333333333335e-06
1671 -9.66666666666667e-06
1672 -9.4666666666667e-06
1673 -9.59999999999999e-06
1674 -9.73333333333335e-06
1675 -9.93333333333332e-06
1676 -9.73333333333335e-06
1677 -1e-05
1678 -9.59999999999999e-06
1679 -9.93333333333339e-06
1680 -9.5333333333333e-06
1681 -9.86666666666671e-06
1682 -9.5333333333333e-06
1683 -9.73333333333335e-06
1684 -9.66666666666667e-06
1685 -9.40000000000001e-06
1686 -9.4666666666667e-06
1687 -9.33333333333333e-06
1688 -9.5333333333333e-06
1689 -9.40000000000001e-06
1690 -9.66666666666667e-06
1691 -9.80000000000003e-06
1692 -9.46666666666662e-06
1693 -9.06666666666661e-06
1694 -9.19999999999997e-06
1695 -9.66666666666667e-06
1696 -1e-05
1697 -9.40000000000009e-06
1698 -9.46666666666677e-06
1699 -9.20000000000012e-06
1700 -9.33333333333333e-06
1701 -8.86666666666664e-06
1702 -9.06666666666661e-06
1703 -9.26666666666665e-06
1704 -9.33333333333333e-06
1705 -9.26666666666673e-06
1706 -8.80000000000003e-06
1707 -8.93333333333332e-06
1708 -9.06666666666661e-06
1709 -9.13333333333329e-06
1710 -9.20000000000005e-06
1711 -8.86666666666671e-06
1712 -9.20000000000005e-06
1713 -9e-06
1714 -8.93333333333332e-06
1715 -9.33333333333333e-06
1716 -9.26666666666665e-06
1717 -9.59999999999999e-06
1718 -9.13333333333329e-06
1719 -9.46666666666662e-06
1720 -9.33333333333333e-06
1721 -9.19999999999997e-06
1722 -9.26666666666665e-06
1723 -9.26666666666665e-06
1724 -9.33333333333333e-06
1725 -9.06666666666668e-06
1726 -9.06666666666668e-06
1727 -9e-06
1728 -9.13333333333336e-06
1729 -9e-06
1730 -9.13333333333336e-06
1731 -9e-06
1732 -9.06666666666668e-06
1733 -9.06666666666668e-06
1734 -9.06666666666668e-06
1735 -8.93333333333332e-06
1736 -9.19999999999997e-06
1737 -9e-06
1738 -9.13333333333336e-06
1739 -9.06666666666668e-06
1740 -9.13333333333329e-06
1741 -9e-06
1742 -8.86666666666664e-06
1743 -8.93333333333332e-06
1744 -9.13333333333329e-06
1745 -9e-06
1746 -8.80000000000003e-06
1747 -8.86666666666671e-06
1748 -9.13333333333336e-06
1749 -9.13333333333336e-06
1750 -9e-06
1751 -8.73333333333327e-06
1752 -8.80000000000003e-06
1753 -8.80000000000003e-06
1754 -9e-06
1755 -9.06666666666661e-06
1756 -9.06666666666661e-06
1757 -9.20000000000012e-06
1758 -9.19999999999997e-06
1759 -9.13333333333336e-06
1760 -8.79999999999988e-06
1761 -8.80000000000003e-06
1762 -8.93333333333339e-06
1763 -8.86666666666679e-06
1764 -9.20000000000012e-06
1765 -9.19999999999997e-06
1766 -9.19999999999997e-06
1767 -8.79999999999988e-06
1768 -8.93333333333339e-06
1769 -8.86666666666664e-06
1770 -9.20000000000012e-06
1771 -9.19999999999997e-06
1772 -9.40000000000009e-06
1773 -9.13333333333321e-06
1774 -9.13333333333336e-06
1775 -8.93333333333324e-06
1776 -9e-06
1777 -8.86666666666664e-06
1778 -9.20000000000012e-06
1779 -9.4666666666667e-06
1780 -9.66666666666667e-06
1781 -9.46666666666655e-06
1782 -9.26666666666673e-06
1783 -9.13333333333336e-06
1784 -9.4666666666667e-06
1785 -9.19999999999997e-06
1786 -9.33333333333333e-06
1787 -9.06666666666676e-06
1788 -9.4666666666667e-06
1789 -9.06666666666661e-06
1790 -9.13333333333321e-06
1791 -9e-06
1792 -9.33333333333333e-06
1793 -9.4666666666667e-06
1794 -9.39999999999994e-06
1795 -9.39999999999994e-06
1796 -9.40000000000009e-06
1797 -9.4666666666667e-06
1798 -9.13333333333336e-06
1799 -9.06666666666661e-06
1800 -9.26666666666673e-06
1801 -9.4666666666667e-06
1802 -9.26666666666673e-06
1803 -9.06666666666661e-06
1804 -9.26666666666673e-06
1805 -9.33333333333333e-06
1806 -9.26666666666673e-06
1807 -9.33333333333333e-06
1808 -9.46666666666655e-06
1809 -9.66666666666667e-06
1810 -9.46666666666655e-06
1811 -9.20000000000012e-06
1812 -9.06666666666661e-06
1813 -9.13333333333336e-06
1814 -9.59999999999991e-06
1815 -9.80000000000003e-06
1816 -9.5333333333333e-06
1817 -8.93333333333339e-06
1818 -8.86666666666664e-06
1819 -9.20000000000012e-06
1820 -9.73333333333327e-06
1821 -9.5333333333333e-06
1822 -9.06666666666661e-06
1823 -9.06666666666676e-06
1824 -9.66666666666667e-06
1825 -9.93333333333339e-06
1826 -9.66666666666667e-06
1827 -8.66666666666667e-06
1828 -8.5333333333333e-06
1829 -8.93333333333324e-06
1830 -9.40000000000009e-06
1831 -9.5333333333333e-06
1832 -9.19999999999997e-06
1833 -9.19999999999997e-06
1834 -9.33333333333333e-06
1835 -9.40000000000009e-06
1836 -9.5333333333333e-06
1837 -9.4666666666667e-06
1838 -9.5333333333333e-06
1839 -9.4666666666667e-06
1840 -9.5333333333333e-06
1841 -9.5333333333333e-06
1842 -9.4666666666667e-06
1843 -9.4666666666667e-06
1844 -9.33333333333333e-06
1845 -9.59999999999991e-06
1846 -9.39999999999994e-06
1847 -9.5333333333333e-06
1848 -9.33333333333333e-06
1849 -9.33333333333333e-06
1850 -9.40000000000009e-06
1851 -9.5333333333333e-06
1852 -9.73333333333343e-06
1853 -9.66666666666667e-06
1854 -9.60000000000006e-06
1855 -9.46666666666655e-06
1856 -9.4666666666667e-06
1857 -9.5333333333333e-06
1858 -9.66666666666667e-06
1859 -9.73333333333327e-06
1860 -9.86666666666664e-06
1861 -9.86666666666679e-06
1862 -1.00666666666666e-05
1863 -9.80000000000003e-06
1864 -1e-05
1865 -9.80000000000003e-06
1866 -9.80000000000003e-06
1867 -1.00666666666666e-05
1868 -1.02e-05
1869 -1.03999999999999e-05
1870 -9.86666666666664e-06
1871 -9.80000000000003e-06
1872 -9.80000000000003e-06
1873 -1e-05
1874 -1.00666666666668e-05
1875 -1.01333333333334e-05
1876 -1e-05
1877 -9.93333333333324e-06
1878 -9.93333333333339e-06
1879 -1.03333333333333e-05
1880 -1.02666666666667e-05
1881 -1.04666666666665e-05
1882 -1.03333333333333e-05
1883 -1.03333333333333e-05
1884 -1.01333333333334e-05
1885 -1.01333333333334e-05
1886 -1.02e-05
1887 -1.01333333333334e-05
1888 -1.01333333333334e-05
1889 -1.02e-05
1890 -1.02666666666667e-05
1891 -1.04666666666667e-05
1892 -1.04000000000001e-05
1893 -1.03333333333333e-05
1894 -1e-05
1895 -1.00666666666666e-05
1896 -1.01333333333332e-05
1897 -1.02666666666666e-05
1898 -1.02666666666667e-05
1899 -1.03333333333333e-05
1900 -1.02666666666667e-05
1901 -1.01333333333332e-05
1902 -1e-05
1903 -1.01333333333334e-05
1904 -1.02000000000001e-05
1905 -1.01333333333334e-05
1906 -9.86666666666664e-06
1907 -1.00666666666666e-05
1908 -1.02e-05
1909 -1.02e-05
1910 -9.93333333333339e-06
1911 -9.93333333333339e-06
1912 -1.01333333333334e-05
1913 -1.02666666666666e-05
1914 -1.07333333333333e-05
1915 -1.08e-05
1916 -1.1e-05
1917 -1.06e-05
1918 -1.05333333333333e-05
1919 -1.05333333333333e-05
1920 -1.06666666666667e-05
1921 -1.08e-05
1922 -1.08e-05
1923 -1.07333333333333e-05
1924 -1.05333333333333e-05
1925 -1.06e-05
1926 -1.06e-05
1927 -1.05333333333333e-05
1928 -1.03333333333333e-05
1929 -1.05333333333333e-05
1930 -1.08e-05
1931 -1.08e-05
1932 -1.06666666666667e-05
1933 -1.06e-05
1934 -1.07333333333333e-05
1935 -1.07333333333333e-05
1936 -1.06666666666667e-05
1937 -1.08666666666667e-05
1938 -1.08e-05
1939 -1.1e-05
1940 -1.07333333333333e-05
1941 -1.07333333333333e-05
1942 -1.06e-05
1943 -1.05333333333333e-05
1944 -1.06666666666667e-05
1945 -1.04666666666667e-05
1946 -1.07333333333333e-05
1947 -1.06666666666667e-05
1948 -1.06666666666667e-05
1949 -1.04666666666667e-05
1950 -1.04e-05
1951 -1.05333333333333e-05
1952 -1.06e-05
1953 -1.05333333333333e-05
1954 -1.07333333333333e-05
1955 -1.06666666666667e-05
1956 -1.06e-05
1957 -1.05333333333333e-05
1958 -1.05333333333333e-05
1959 -1.06e-05
1960 -1.06e-05
1961 -1.06666666666667e-05
1962 -1.05333333333333e-05
1963 -1.05333333333333e-05
1964 -1.05333333333333e-05
1965 -1.06e-05
1966 -1.05333333333333e-05
1967 -1.05333333333333e-05
1968 -1.05333333333333e-05
1969 -1.04666666666667e-05
1970 -1.02666666666667e-05
1971 -1.04e-05
1972 -1.05333333333333e-05
1973 -1.06666666666667e-05
1974 -1.05333333333333e-05
1975 -1.02666666666667e-05
1976 -1.01333333333334e-05
1977 -1.04e-05
1978 -1.05333333333333e-05
1979 -1.06e-05
1980 -1.02666666666667e-05
1981 -1.03333333333334e-05
1982 -1.02666666666667e-05
1983 -1.04e-05
1984 -1.05333333333333e-05
1985 -1.06666666666667e-05
1986 -1.07333333333333e-05
1987 -1.06666666666667e-05
1988 -1.05333333333333e-05
1989 -1.07333333333333e-05
1990 -1.06e-05
1991 -1.08666666666667e-05
1992 -1.05333333333333e-05
1993 -1.05333333333333e-05
1994 -1.04666666666667e-05
1995 -1.06e-05
1996 -1.06666666666667e-05
1997 -1.05333333333333e-05
1998 -1.06000000000001e-05
1999 -1.08e-05
2000 -1.09333333333334e-05
2001 -1.09333333333333e-05
2002 -1.08e-05
2003 -1.06e-05
2004 -1.06666666666667e-05
2005 -1.05333333333333e-05
2006 -1.06e-05
2007 -1.06e-05
2008 -1.07333333333334e-05
2009 -1.06666666666667e-05
2010 -1.06e-05
2011 -1.06666666666666e-05
2012 -1.07333333333333e-05
2013 -1.06666666666667e-05
2014 -1.07333333333333e-05
2015 -1.08666666666666e-05
2016 -1.10666666666667e-05
2017 -1.09333333333333e-05
2018 -1.09333333333334e-05
2019 -1.08666666666667e-05
2020 -1.10666666666667e-05
2021 -1.10666666666666e-05
2022 -1.09333333333333e-05
2023 -1.07333333333333e-05
2024 -1.08666666666667e-05
2025 -1.1e-05
2026 -1.10666666666667e-05
2027 -1.08666666666666e-05
2028 -1.08666666666666e-05
2029 -1.08666666666666e-05
2030 -1.1e-05
2031 -1.1e-05
2032 -1.10666666666667e-05
2033 -1.12e-05
2034 -1.10666666666667e-05
2035 -1.11333333333334e-05
2036 -1.11333333333334e-05
2037 -1.11333333333334e-05
2038 -1.09333333333333e-05
2039 -1.08666666666666e-05
2040 -1.1e-05
2041 -1.1e-05
2042 -1.09333333333334e-05
2043 -1.1e-05
2044 -1.10666666666667e-05
2045 -1.08e-05
2046 -1.07333333333334e-05
2047 -1.06e-05
2048 -1.07333333333333e-05
2049 -1.08666666666666e-05
2050 -1.10666666666667e-05
2051 -1.10666666666668e-05
2052 -1.09333333333335e-05
2053 -1.09333333333335e-05
2054 -1.09333333333333e-05
2055 -1.10000000000001e-05
2056 -1.10666666666667e-05
2057 -1.12e-05
2058 -1.14666666666667e-05
2059 -1.12e-05
2060 -1.11333333333334e-05
2061 -1.05333333333333e-05
2062 -1.03333333333333e-05
2063 -1.03999999999999e-05
2064 -1.06666666666667e-05
2065 -1.10666666666667e-05
2066 -1.10666666666668e-05
2067 -1.11333333333334e-05
2068 -1.10666666666667e-05
2069 -1.09333333333333e-05
2070 -1.08e-05
2071 -1.07333333333333e-05
2072 -1.07333333333333e-05
2073 -1.08666666666666e-05
2074 -1.09333333333333e-05
2075 -1.09333333333333e-05
2076 -1.08666666666666e-05
2077 -1.08666666666666e-05
2078 -1.10666666666667e-05
2079 -1.09333333333333e-05
2080 -1.07333333333333e-05
2081 -1.07333333333333e-05
2082 -1.04666666666666e-05
2083 -1.05333333333332e-05
2084 -1.04666666666666e-05
2085 -1.08666666666666e-05
2086 -1.07333333333333e-05
2087 -1.03333333333333e-05
2088 -1.02e-05
2089 -1.04666666666667e-05
2090 -1.06666666666667e-05
2091 -1.06000000000001e-05
2092 -1.06000000000001e-05
2093 -1.07333333333333e-05
2094 -1.11333333333332e-05
2095 -1.07999999999999e-05
2096 -1.08666666666666e-05
2097 -1.05333333333335e-05
2098 -1.06666666666668e-05
2099 -1.04666666666668e-05
2100 -1.04000000000001e-05
2101 -1.04666666666667e-05
2102 -1.04666666666667e-05
2103 -1.03999999999999e-05
2104 -1.03333333333333e-05
2105 -1.06666666666667e-05
2106 -1.08e-05
2107 -1.09333333333334e-05
2108 -1.05333333333333e-05
2109 -1.06000000000001e-05
2110 -1.07333333333333e-05
2111 -1.08666666666666e-05
2112 -1.10666666666666e-05
2113 -1.08666666666668e-05
2114 -1.11333333333334e-05
2115 -1.1e-05
2116 -1.1e-05
2117 -1.08666666666668e-05
2118 -1.08666666666668e-05
2119 -1.12e-05
2120 -1.12666666666666e-05
2121 -1.12666666666666e-05
2122 -1.12e-05
2123 -1.12666666666667e-05
2124 -1.14666666666667e-05
2125 -1.13999999999999e-05
2126 -1.12666666666666e-05
2127 -1.11333333333334e-05
2128 -1.11333333333332e-05
2129 -1.12666666666666e-05
2130 -1.12666666666666e-05
2131 -1.12666666666667e-05
2132 -1.12666666666667e-05
2133 -1.12666666666666e-05
2134 -1.14666666666667e-05
2135 -1.15333333333333e-05
2136 -1.14000000000001e-05
2137 -1.13333333333333e-05
2138 -1.12666666666667e-05
2139 -1.16000000000001e-05
2140 -1.15333333333335e-05
2141 -1.14000000000001e-05
2142 -1.13333333333333e-05
2143 -1.11333333333332e-05
2144 -1.12e-05
2145 -1.11333333333334e-05
2146 -1.13999999999999e-05
2147 -1.11999999999998e-05
2148 -1.11333333333332e-05
2149 -1.08666666666668e-05
2150 -1.10666666666668e-05
2151 -1.10666666666668e-05
2152 -1.10666666666668e-05
2153 -1.06666666666668e-05
2154 -1.08666666666666e-05
2155 -1.06666666666665e-05
2156 -1.08666666666666e-05
2157 -1.06666666666667e-05
2158 -1.09333333333334e-05
2159 -1.10666666666666e-05
2160 -1.1e-05
2161 -1.09999999999999e-05
2162 -1.09999999999999e-05
2163 -1.10666666666665e-05
2164 -1.09333333333332e-05
2165 -1.1e-05
2166 -1.08666666666666e-05
2167 -1.09333333333334e-05
2168 -1.07333333333333e-05
2169 -1.08666666666668e-05
2170 -1.09333333333334e-05
2171 -1.10666666666668e-05
2172 -1.11333333333332e-05
2173 -1.1e-05
2174 -1.07333333333333e-05
2175 -1.06000000000001e-05
2176 -1.06666666666667e-05
2177 -1.08e-05
2178 -1.06666666666667e-05
2179 -1.06666666666667e-05
2180 -1.08666666666666e-05
2181 -1.10666666666666e-05
2182 -1.09333333333332e-05
2183 -1.06666666666667e-05
2184 -1.04666666666667e-05
2185 -1.07333333333334e-05
2186 -1.08e-05
2187 -1.08e-05
2188 -1.05999999999999e-05
2189 -1.05999999999999e-05
2190 -1.06666666666667e-05
2191 -1.07333333333334e-05
2192 -1.09333333333334e-05
2193 -1.09333333333334e-05
2194 -1.08666666666666e-05
2195 -1.07333333333333e-05
2196 -1.07999999999999e-05
2197 -1.09333333333332e-05
2198 -1.07333333333334e-05
2199 -1.07333333333334e-05
2200 -1.08e-05
2201 -1.1e-05
2202 -1.08666666666666e-05
2203 -1.08e-05
2204 -1.09333333333332e-05
2205 -1.12666666666667e-05
2206 -1.12e-05
2207 -1.10666666666668e-05
2208 -1.08e-05
2209 -1.08666666666668e-05
2210 -1.08666666666666e-05
2211 -1.07999999999999e-05
2212 -1.07999999999999e-05
2213 -1.08666666666666e-05
2214 -1.1e-05
2215 -1.1e-05
2216 -1.1e-05
2217 -1.1e-05
2218 -1.08e-05
2219 -1.09333333333333e-05
2220 -1.07333333333333e-05
2221 -1.09333333333332e-05
2222 -1.08666666666667e-05
2223 -1.1e-05
2224 -1.08666666666667e-05
2225 -1.09333333333333e-05
2226 -1.10666666666667e-05
2227 -1.14666666666667e-05
2228 -1.13333333333333e-05
2229 -1.14666666666667e-05
2230 -1.10666666666667e-05
2231 -1.09333333333333e-05
2232 -1.06666666666666e-05
2233 -1.08666666666667e-05
2234 -1.1e-05
2235 -1.1e-05
2236 -1.07333333333333e-05
2237 -1.05333333333333e-05
2238 -1.08666666666667e-05
2239 -1.11333333333333e-05
2240 -1.13333333333333e-05
2241 -1.11333333333333e-05
2242 -1.12e-05
2243 -1.12e-05
2244 -1.11333333333333e-05
2245 -1.10666666666667e-05
2246 -1.12e-05
2247 -1.12666666666667e-05
2248 -1.09333333333334e-05
2249 -1.08666666666667e-05
2250 -1.08666666666667e-05
2251 -1.12666666666667e-05
2252 -1.12666666666667e-05
2253 -1.12e-05
2254 -1.1e-05
2255 -1.10666666666666e-05
2256 -1.10666666666667e-05
2257 -1.12e-05
2258 -1.1e-05
2259 -1.11333333333333e-05
2260 -1.1e-05
2261 -1.11333333333333e-05
2262 -1.11333333333333e-05
2263 -1.12e-05
2264 -1.12666666666667e-05
2265 -1.11333333333333e-05
2266 -1.12666666666667e-05
2267 -1.12e-05
2268 -1.13333333333333e-05
2269 -1.14e-05
2270 -1.13333333333333e-05
2271 -1.12666666666667e-05
2272 -1.12666666666667e-05
2273 -1.12e-05
2274 -1.12666666666667e-05
2275 -1.1e-05
2276 -1.12e-05
2277 -1.10666666666666e-05
2278 -1.12666666666667e-05
2279 -1.10666666666667e-05
2280 -1.12e-05
2281 -1.12e-05
2282 -1.14666666666667e-05
2283 -1.14666666666667e-05
2284 -1.14e-05
2285 -1.12e-05
2286 -1.12e-05
2287 -1.12e-05
2288 -1.14e-05
2289 -1.14000000000001e-05
2290 -1.13333333333334e-05
2291 -1.12e-05
2292 -1.12666666666667e-05
2293 -1.13333333333333e-05
2294 -1.14000000000001e-05
2295 -1.12666666666667e-05
2296 -1.11333333333334e-05
2297 -1.09333333333333e-05
2298 -1.09999999999999e-05
2299 -1.09333333333333e-05
2300 -1.10666666666667e-05
2301 -1.1e-05
2302 -1.13333333333333e-05
2303 -1.14666666666666e-05
2304 -1.13333333333333e-05
2305 -1.12e-05
2306 -1.10666666666667e-05
2307 -1.14000000000001e-05
2308 -1.14000000000001e-05
2309 -1.13333333333334e-05
2310 -1.11333333333334e-05
2311 -1.1e-05
2312 -1.1e-05
2313 -1.1e-05
2314 -1.10666666666667e-05
2315 -1.10666666666666e-05
2316 -1.10666666666666e-05
2317 -1.11999999999999e-05
2318 -1.12e-05
2319 -1.12e-05
2320 -1.09333333333334e-05
2321 -1.10666666666667e-05
2322 -1.10000000000001e-05
2323 -1.12e-05
2324 -1.11333333333334e-05
2325 -1.12666666666667e-05
2326 -1.12e-05
2327 -1.11333333333334e-05
2328 -1.12e-05
2329 -1.11333333333333e-05
2330 -1.10666666666667e-05
2331 -1.09333333333334e-05
2332 -1.10666666666668e-05
2333 -1.10666666666667e-05
2334 -1.12666666666667e-05
2335 -1.12666666666667e-05
2336 -1.14e-05
2337 -1.12666666666667e-05
2338 -1.12e-05
2339 -1.14000000000001e-05
2340 -1.12e-05
2341 -1.12666666666667e-05
2342 -1.13333333333333e-05
2343 -1.12666666666667e-05
2344 -1.12666666666667e-05
2345 -1.09333333333333e-05
2346 -1.08666666666666e-05
2347 -1.1e-05
2348 -1.08666666666666e-05
2349 -1.13333333333333e-05
2350 -1.12e-05
2351 -1.12e-05
2352 -1.09333333333334e-05
2353 -1.09333333333334e-05
2354 -1.09333333333333e-05
2355 -1.10666666666667e-05
2356 -1.1e-05
2357 -1.12e-05
2358 -1.11333333333333e-05
2359 -1.12666666666667e-05
2360 -1.10666666666666e-05
2361 -1.11333333333333e-05
2362 -1.09333333333333e-05
2363 -1.12e-05
2364 -1.11333333333334e-05
2365 -1.12e-05
2366 -1.11333333333334e-05
2367 -1.11333333333333e-05
2368 -1.11333333333333e-05
2369 -1.11333333333332e-05
2370 -1.12e-05
2371 -1.12e-05
2372 -1.13333333333334e-05
2373 -1.13333333333334e-05
2374 -1.12666666666667e-05
2375 -1.11999999999998e-05
2376 -1.09333333333332e-05
2377 -1.1e-05
2378 -1.08e-05
2379 -1.09333333333332e-05
2380 -1.1e-05
2381 -1.11333333333334e-05
2382 -1.10666666666668e-05
2383 -1.08e-05
2384 -1.07333333333334e-05
2385 -1.08e-05
2386 -1.1e-05
2387 -1.1e-05
2388 -1.09333333333334e-05
2389 -1.11333333333334e-05
2390 -1.12e-05
2391 -1.12666666666667e-05
2392 -1.1e-05
2393 -1.10666666666668e-05
2394 -1.12e-05
2395 -1.13333333333333e-05
2396 -1.12e-05
2397 -1.11333333333334e-05
2398 -1.10666666666668e-05
2399 -1.14000000000001e-05
2400 -1.13999999999999e-05
2401 -1.13999999999999e-05
2402 -1.10666666666666e-05
2403 -1.11333333333334e-05
2404 -1.12666666666667e-05
2405 -1.10666666666666e-05
2406 -1.08666666666666e-05
2407 -1.07333333333333e-05
2408 -1.08666666666668e-05
2409 -1.08e-05
2410 -1.08e-05
2411 -1.09333333333334e-05
2412 -1.10666666666668e-05
2413 -1.10666666666668e-05
2414 -1.12e-05
2415 -1.12e-05
2416 -1.13333333333333e-05
2417 -1.11333333333335e-05
2418 -1.12000000000001e-05
2419 -1.11333333333335e-05
2420 -1.13999999999999e-05
2421 -1.15333333333333e-05
2422 -1.14666666666665e-05
2423 -1.13333333333333e-05
2424 -1.13333333333333e-05
2425 -1.13333333333333e-05
2426 -1.12e-05
2427 -1.12e-05
2428 -1.13333333333333e-05
2429 -1.13333333333333e-05
2430 -1.12666666666667e-05
2431 -1.12e-05
2432 -1.13333333333333e-05
2433 -1.12e-05
2434 -1.13333333333335e-05
2435 -1.13333333333335e-05
2436 -1.12666666666667e-05
2437 -1.11333333333334e-05
2438 -1.12e-05
2439 -1.14666666666667e-05
2440 -1.13999999999999e-05
2441 -1.12666666666666e-05
2442 -1.10666666666665e-05
2443 -1.11999999999995e-05
2444 -1.11999999999997e-05
2445 -1.12666666666666e-05
2446 -1.12000000000001e-05
2447 -1.12e-05
2448 -1.13999999999999e-05
2449 -1.12666666666667e-05
2450 -1.13333333333333e-05
2451 -1.12e-05
2452 -1.13333333333332e-05
2453 -1.12e-05
2454 -1.13333333333333e-05
2455 -1.12666666666667e-05
2456 -1.12e-05
2457 -1.09333333333332e-05
2458 -1.09999999999999e-05
2459 -1.10666666666666e-05
2460 -1.11333333333334e-05
2461 -1.11333333333334e-05
2462 -1.11333333333334e-05
2463 -1.11333333333334e-05
2464 -1.12666666666667e-05
2465 -1.14000000000001e-05
2466 -1.15333333333333e-05
2467 -1.14666666666667e-05
2468 -1.14000000000001e-05
2469 -1.12000000000001e-05
2470 -1.10666666666668e-05
2471 -1.12e-05
2472 -1.14666666666667e-05
2473 -1.14666666666667e-05
2474 -1.14000000000001e-05
2475 -1.11333333333334e-05
2476 -1.12666666666666e-05
2477 -1.10666666666666e-05
2478 -1.12666666666666e-05
2479 -1.13333333333333e-05
2480 -1.13999999999999e-05
2481 -1.13333333333333e-05
2482 -1.12666666666667e-05
2483 -1.12666666666667e-05
2484 -1.12e-05
2485 -1.13333333333333e-05
2486 -1.13999999999999e-05
2487 -1.14666666666667e-05
2488 -1.12666666666667e-05
2489 -1.12e-05
2490 -1.1e-05
2491 -1.09333333333332e-05
2492 -1.11333333333334e-05
2493 -1.12666666666667e-05
2494 -1.14666666666667e-05
2495 -1.13999999999999e-05
2496 -1.10666666666664e-05
2497 -1.11333333333331e-05
2498 -1.11333333333332e-05
2499 -1.16666666666666e-05
2500 -1.16666666666667e-05
2501 -1.16666666666667e-05
2502 -1.16666666666667e-05
2503 -1.16666666666667e-05
2504 -1.16e-05
2505 -1.16e-05
2506 -1.15333333333333e-05
2507 -1.17333333333333e-05
2508 -1.15333333333333e-05
2509 -1.14666666666667e-05
2510 -1.14666666666667e-05
2511 -1.16666666666667e-05
2512 -1.16e-05
2513 -1.15333333333333e-05
2514 -1.14e-05
2515 -1.15333333333333e-05
2516 -1.16e-05
2517 -1.15333333333333e-05
2518 -1.15333333333334e-05
2519 -1.13333333333334e-05
2520 -1.14e-05
2521 -1.12666666666667e-05
2522 -1.14e-05
2523 -1.14e-05
2524 -1.14666666666667e-05
2525 -1.14e-05
2526 -1.14666666666667e-05
2527 -1.15333333333333e-05
2528 -1.15333333333333e-05
2529 -1.13333333333333e-05
2530 -1.12666666666667e-05
2531 -1.13333333333334e-05
2532 -1.16e-05
2533 -1.14e-05
2534 -1.12666666666667e-05
2535 -1.10666666666668e-05
2536 -1.12666666666668e-05
2537 -1.13333333333334e-05
2538 -1.14000000000001e-05
2539 -1.15333333333333e-05
2540 -1.15333333333334e-05
2541 -1.16000000000001e-05
2542 -1.15333333333333e-05
2543 -1.16666666666666e-05
2544 -1.15333333333333e-05
2545 -1.15333333333334e-05
2546 -1.14000000000001e-05
2547 -1.15333333333333e-05
2548 -1.16e-05
2549 -1.17333333333334e-05
2550 -1.14666666666667e-05
2551 -1.12666666666666e-05
2552 -1.11999999999998e-05
2553 -1.14666666666665e-05
2554 -1.16666666666665e-05
2555 -1.16e-05
2556 -1.15999999999999e-05
2557 -1.14666666666666e-05
2558 -1.16666666666666e-05
2559 -1.17333333333334e-05
2560 -1.17333333333334e-05
2561 -1.15333333333334e-05
2562 -1.10666666666666e-05
2563 -1.11999999999999e-05
2564 -1.13333333333333e-05
2565 -1.16666666666667e-05
2566 -1.16666666666667e-05
2567 -1.14666666666668e-05
2568 -1.15333333333334e-05
2569 -1.14e-05
2570 -1.14000000000001e-05
2571 -1.15333333333334e-05
2572 -1.16000000000001e-05
2573 -1.17333333333334e-05
2574 -1.15333333333333e-05
2575 -1.15333333333333e-05
2576 -1.14666666666666e-05
2577 -1.15999999999999e-05
2578 -1.16e-05
2579 -1.15333333333333e-05
2580 -1.14000000000001e-05
2581 -1.13333333333334e-05
2582 -1.14666666666668e-05
2583 -1.14666666666668e-05
2584 -1.14666666666667e-05
2585 -1.14e-05
2586 -1.12666666666667e-05
2587 -1.12000000000001e-05
2588 -1.10666666666668e-05
2589 -1.10666666666668e-05
2590 -1.11333333333334e-05
2591 -1.10666666666667e-05
2592 -1.09333333333333e-05
2593 -1.09333333333333e-05
2594 -1.10666666666667e-05
2595 -1.12e-05
2596 -1.09333333333333e-05
2597 -1.10666666666667e-05
2598 -1.12e-05
2599 -1.12666666666667e-05
2600 -1.12666666666667e-05
2601 -1.12666666666667e-05
2602 -1.14666666666667e-05
2603 -1.12666666666667e-05
2604 -1.12e-05
2605 -1.11333333333334e-05
2606 -1.12666666666667e-05
2607 -1.12666666666667e-05
2608 -1.14666666666666e-05
2609 -1.14e-05
2610 -1.12e-05
2611 -1.08666666666667e-05
2612 -1.08e-05
2613 -1.07333333333334e-05
2614 -1.08666666666666e-05
2615 -1.1e-05
2616 -1.13333333333333e-05
2617 -1.12e-05
2618 -1.08666666666666e-05
2619 -1.06666666666666e-05
2620 -1.08666666666666e-05
2621 -1.08666666666667e-05
2622 -1.10666666666668e-05
2623 -1.09333333333334e-05
2624 -1.1e-05
2625 -1.11333333333334e-05
2626 -1.12666666666667e-05
2627 -1.15333333333335e-05
2628 -1.11333333333334e-05
2629 -1.10666666666666e-05
2630 -1.09333333333332e-05
2631 -1.10666666666668e-05
2632 -1.09333333333334e-05
2633 -1.10666666666668e-05
2634 -1.09333333333332e-05
2635 -1.09333333333334e-05
2636 -1.1e-05
2637 -1.12000000000001e-05
2638 -1.14000000000001e-05
2639 -1.12666666666667e-05
2640 -1.12e-05
2641 -1.09333333333334e-05
2642 -1.09333333333334e-05
2643 -1.09333333333334e-05
2644 -1.12e-05
2645 -1.11333333333334e-05
2646 -1.11333333333334e-05
2647 -1.08666666666666e-05
2648 -1.08666666666668e-05
2649 -1.08666666666668e-05
2650 -1.09333333333335e-05
2651 -1.10666666666668e-05
2652 -1.11333333333334e-05
2653 -1.12e-05
2654 -1.10666666666666e-05
2655 -1.08666666666666e-05
2656 -1.08666666666666e-05
2657 -1.08e-05
2658 -1.1e-05
2659 -1.10666666666668e-05
2660 -1.12e-05
2661 -1.1e-05
2662 -1.09333333333334e-05
2663 -1.1e-05
2664 -1.11333333333334e-05
2665 -1.11999999999998e-05
2666 -1.1e-05
2667 -1.1e-05
2668 -1.10666666666668e-05
2669 -1.12e-05
2670 -1.1e-05
2671 -1.08666666666666e-05
2672 -1.08e-05
2673 -1.06000000000001e-05
2674 -1.06666666666665e-05
2675 -1.07333333333333e-05
2676 -1.07999999999999e-05
2677 -1.06666666666668e-05
2678 -1.02666666666667e-05
2679 -1.04666666666667e-05
2680 -1.05999999999999e-05
2681 -1.07999999999999e-05
2682 -1.06666666666667e-05
2683 -1.04666666666667e-05
2684 -1.04000000000001e-05
2685 -1.05999999999999e-05
2686 -1.04666666666667e-05
2687 -1.03333333333333e-05
2688 -1.04000000000001e-05
2689 -1.05333333333333e-05
2690 -1.06666666666667e-05
2691 -1.06666666666667e-05
2692 -1.06000000000001e-05
2693 -1.06000000000001e-05
2694 -1.03999999999999e-05
2695 -1.06666666666667e-05
2696 -1.05999999999999e-05
2697 -1.06000000000001e-05
2698 -1.02e-05
2699 -1.04000000000001e-05
2700 -1.07333333333333e-05
2701 -1.07333333333333e-05
2702 -1.05333333333333e-05
2703 -1.02000000000001e-05
2704 -1.04666666666667e-05
2705 -1.03333333333332e-05
2706 -1.05333333333332e-05
2707 -1.03333333333333e-05
2708 -1.06666666666667e-05
2709 -1.03333333333333e-05
2710 -1.02666666666666e-05
2711 -1.02e-05
2712 -1.03333333333333e-05
2713 -1.01333333333334e-05
2714 -1.02000000000001e-05
2715 -1.00666666666668e-05
2716 -1.06666666666667e-05
2717 -1.07333333333333e-05
2718 -1.07999999999999e-05
2719 -1.05333333333333e-05
2720 -1.05333333333333e-05
2721 -1.06666666666667e-05
2722 -1.08666666666666e-05
2723 -1.05999999999999e-05
2724 -1.06666666666667e-05
2725 -1.02666666666666e-05
2726 -1.04666666666667e-05
2727 -1.05999999999999e-05
2728 -1.08e-05
2729 -1.06666666666667e-05
2730 -1.06666666666667e-05
2731 -1.07333333333333e-05
2732 -1.08e-05
2733 -1.06666666666667e-05
2734 -1.06666666666667e-05
2735 -1.08666666666666e-05
2736 -1.08666666666666e-05
2737 -1.05333333333335e-05
2738 -1.02e-05
2739 -1e-05
2740 -1.01333333333332e-05
2741 -9.79999999999988e-06
2742 -1.01333333333333e-05
2743 -1.03333333333333e-05
2744 -1.06666666666667e-05
2745 -1.01333333333333e-05
2746 -1.01333333333333e-05
2747 -1.02e-05
2748 -1.04666666666667e-05
2749 -1.02666666666667e-05
2750 -1.03333333333333e-05
2751 -1.03333333333333e-05
2752 -1.02e-05
2753 -1.00666666666667e-05
2754 -9.86666666666667e-06
2755 -1.02e-05
2756 -1.02e-05
2757 -1.03333333333333e-05
2758 -1.02666666666667e-05
2759 -1e-05
2760 -9.93333333333334e-06
2761 -1.00666666666667e-05
2762 -1.00666666666667e-05
2763 -1.02e-05
2764 -9.86666666666666e-06
2765 -1.02e-05
2766 -1.03333333333333e-05
2767 -1.00666666666667e-05
2768 -9.39999999999998e-06
2769 -8.93333333333334e-06
2770 -9.53333333333334e-06
2771 -1.00666666666667e-05
2772 -1.02e-05
2773 -9.86666666666667e-06
2774 -1.00666666666667e-05
2775 -9.60000000000002e-06
2776 -9.59999999999999e-06
2777 -9.46666666666666e-06
2778 -9.93333333333332e-06
2779 -9.93333333333336e-06
2780 -9.79999999999999e-06
2781 -9.53333333333334e-06
2782 -9.33333333333333e-06
2783 -9.53333333333334e-06
2784 -9.66666666666667e-06
2785 -9.79999999999999e-06
2786 -9.53333333333334e-06
2787 -9.66666666666667e-06
2788 -9.73333333333331e-06
2789 -9.73333333333331e-06
2790 -9.93333333333332e-06
2791 -9.73333333333335e-06
2792 -9.66666666666667e-06
2793 -9.4666666666667e-06
2794 -9.79999999999999e-06
2795 -1.00666666666667e-05
2796 -9.86666666666664e-06
2797 -9.60000000000002e-06
2798 -9.46666666666666e-06
2799 -9.80000000000003e-06
2800 -1e-05
2801 -9.86666666666667e-06
2802 -9.73333333333331e-06
2803 -9.66666666666667e-06
2804 -9.79999999999999e-06
2805 -9.73333333333335e-06
2806 -9.66666666666667e-06
2807 -1.01333333333333e-05
2808 -1e-05
2809 -1.00666666666666e-05
2810 -9.33333333333333e-06
2811 -9.33333333333333e-06
2812 -9.46666666666666e-06
2813 -9.66666666666667e-06
2814 -9.53333333333334e-06
2815 -9.13333333333336e-06
2816 -9.20000000000001e-06
2817 -9.19999999999997e-06
2818 -9.79999999999999e-06
2819 -9.59999999999999e-06
2820 -9.60000000000002e-06
2821 -9.26666666666665e-06
2822 -9.06666666666668e-06
2823 -9.53333333333334e-06
2824 -9.40000000000001e-06
2825 -9.86666666666664e-06
2826 -9.40000000000001e-06
2827 -9.73333333333331e-06
2828 -9.33333333333333e-06
2829 -9.79999999999995e-06
2830 -9.66666666666667e-06
2831 -9.66666666666667e-06
2832 -9.53333333333338e-06
2833 -9.26666666666665e-06
2834 -9.73333333333335e-06
2835 -9.59999999999999e-06
2836 -9.60000000000006e-06
2837 -9.73333333333335e-06
2838 -9.79999999999995e-06
2839 -9.66666666666667e-06
2840 -9.13333333333336e-06
2841 -9.20000000000005e-06
2842 -9.33333333333333e-06
2843 -9.79999999999995e-06
2844 -9.46666666666662e-06
2845 -9.79999999999995e-06
2846 -9.4666666666667e-06
2847 -9.73333333333335e-06
2848 -9.4666666666667e-06
2849 -9.13333333333329e-06
2850 -9.13333333333336e-06
2851 -9.13333333333329e-06
2852 -9.80000000000003e-06
2853 -1.02e-05
2854 -1.01333333333334e-05
2855 -9.46666666666662e-06
2856 -8.80000000000003e-06
2857 -9e-06
2858 -9.53333333333338e-06
2859 -9.79999999999995e-06
2860 -9.46666666666662e-06
2861 -9.66666666666667e-06
2862 -9.40000000000001e-06
2863 -9.4666666666667e-06
2864 -9.13333333333329e-06
2865 -9.66666666666667e-06
2866 -9.59999999999999e-06
2867 -9.26666666666673e-06
2868 -9.06666666666668e-06
2869 -9.33333333333333e-06
2870 -9.66666666666667e-06
2871 -9.40000000000001e-06
2872 -9.53333333333338e-06
2873 -9.39999999999994e-06
2874 -9.66666666666667e-06
2875 -9.73333333333327e-06
2876 -1e-05
2877 -9.93333333333332e-06
2878 -9.20000000000005e-06
2879 -8.93333333333339e-06
2880 -8.93333333333332e-06
2881 -9.73333333333335e-06
2882 -9.86666666666664e-06
2883 -9.80000000000003e-06
2884 -9.33333333333333e-06
2885 -9.40000000000001e-06
2886 -9.46666666666662e-06
2887 -9.73333333333327e-06
2888 -9.59999999999999e-06
2889 -9.80000000000003e-06
2890 -9.66666666666667e-06
2891 -9.80000000000003e-06
2892 -9.73333333333335e-06
2893 -9.93333333333332e-06
2894 -9.93333333333324e-06
2895 -9.66666666666659e-06
2896 -9.4666666666667e-06
2897 -9.53333333333338e-06
2898 -9.73333333333335e-06
2899 -9.66666666666667e-06
2900 -9.26666666666665e-06
2901 -9.19999999999997e-06
2902 -9.5333333333333e-06
2903 -1.00666666666667e-05
2904 -1.01333333333334e-05
2905 -1.02666666666667e-05
2906 -9.73333333333327e-06
2907 -9.73333333333335e-06
2908 -9.4666666666667e-06
2909 -9.73333333333335e-06
2910 -9.73333333333327e-06
2911 -9.73333333333335e-06
2912 -9.73333333333335e-06
2913 -9.80000000000003e-06
2914 -9.73333333333327e-06
2915 -9.86666666666664e-06
2916 -9.86666666666664e-06
2917 -9.73333333333335e-06
2918 -9.60000000000006e-06
2919 -9.4666666666667e-06
2920 -9.59999999999999e-06
2921 -9.5333333333333e-06
2922 -9.80000000000003e-06
2923 -9.40000000000001e-06
2924 -9.4666666666667e-06
2925 -9.33333333333333e-06
2926 -9.66666666666667e-06
2927 -9.66666666666667e-06
2928 -9.33333333333333e-06
2929 -9.53333333333338e-06
2930 -9.5333333333333e-06
2931 -9.66666666666667e-06
2932 -9.86666666666664e-06
2933 -1.01333333333334e-05
2934 -1.00666666666666e-05
2935 -9.86666666666664e-06
2936 -9.66666666666667e-06
2937 -9.86666666666664e-06
2938 -9.73333333333343e-06
2939 -9.86666666666664e-06
2940 -9.80000000000003e-06
2941 -9.79999999999988e-06
2942 -9.60000000000006e-06
2943 -9.66666666666667e-06
2944 -9.73333333333343e-06
2945 -9.93333333333324e-06
2946 -1e-05
2947 -9.80000000000003e-06
2948 -9.66666666666667e-06
2949 -9.33333333333333e-06
2950 -9.59999999999991e-06
2951 -9.66666666666667e-06
2952 -1.00666666666666e-05
2953 -1.02e-05
2954 -1.00666666666666e-05
2955 -9.93333333333339e-06
2956 -9.66666666666667e-06
2957 -9.60000000000006e-06
2958 -9.66666666666667e-06
2959 -1.00000000000002e-05
2960 -1e-05
2961 -1.01333333333334e-05
2962 -9.73333333333327e-06
2963 -9.80000000000003e-06
2964 -9.66666666666652e-06
2965 -9.86666666666648e-06
2966 -9.93333333333324e-06
2967 -1e-05
2968 -9.86666666666679e-06
2969 -9.86666666666664e-06
2970 -9.93333333333339e-06
2971 -1.03333333333333e-05
2972 -1.01333333333334e-05
2973 -1.00666666666666e-05
2974 -9.73333333333327e-06
2975 -1.01333333333334e-05
2976 -1.00666666666668e-05
2977 -1e-05
2978 -9.93333333333324e-06
2979 -9.66666666666667e-06
2980 -9.5333333333333e-06
2981 -9.4666666666667e-06
2982 -9.80000000000003e-06
2983 -9.93333333333339e-06
2984 -9.73333333333343e-06
2985 -9.5333333333333e-06
2986 -9.80000000000003e-06
2987 -1e-05
2988 -1.02e-05
2989 -9.59999999999991e-06
2990 -9.5333333333333e-06
2991 -9.26666666666673e-06
2992 -9.73333333333343e-06
2993 -9.73333333333327e-06
2994 -9.86666666666664e-06
2995 -9.79999999999988e-06
2996 -9.60000000000006e-06
2997 -9.73333333333327e-06
2998 -9.60000000000006e-06
2999 -1e-05
3000 -9.80000000000003e-06
3001 -9.60000000000006e-06
3002 -9.4666666666667e-06
3003 -9.4666666666667e-06
3004 -9.39999999999994e-06
3005 -9.46666666666655e-06
3006 -9.66666666666667e-06
3007 -1e-05
3008 -9.86666666666679e-06
3009 -9.86666666666664e-06
3010 -9.66666666666667e-06
3011 -9.79999999999988e-06
3012 -9.86666666666664e-06
3013 -1.02e-05
3014 -1.02000000000001e-05
3015 -1.01333333333334e-05
3016 -1.00666666666668e-05
3017 -1.02666666666666e-05
3018 -1.02e-05
3019 -1.04666666666665e-05
3020 -1.04666666666667e-05
3021 -1.04000000000001e-05
3022 -1.04000000000001e-05
3023 -1.01333333333334e-05
3024 -1.03333333333333e-05
3025 -1.02666666666666e-05
3026 -1.03333333333333e-05
3027 -1.04666666666665e-05
3028 -1.04000000000001e-05
3029 -1.05333333333333e-05
3030 -1.02000000000001e-05
3031 -1.01333333333334e-05
3032 -1.01333333333334e-05
3033 -1.04666666666667e-05
3034 -1.03333333333333e-05
3035 -1.02666666666667e-05
3036 -9.86666666666664e-06
3037 -1.00666666666666e-05
3038 -1e-05
3039 -1.01333333333334e-05
3040 -1.01333333333334e-05
3041 -1.02e-05
3042 -1.05333333333333e-05
3043 -1.03999999999999e-05
3044 -1.03333333333333e-05
3045 -1.01333333333334e-05
3046 -1.00666666666668e-05
3047 -9.93333333333324e-06
3048 -9.59999999999991e-06
3049 -9.73333333333327e-06
3050 -1.01333333333334e-05
3051 -1.01333333333334e-05
3052 -1.03333333333333e-05
3053 -1e-05
3054 -1.01333333333334e-05
3055 -9.80000000000003e-06
3056 -9.66666666666667e-06
3057 -9.80000000000003e-06
3058 -1.00666666666666e-05
3059 -1.03333333333333e-05
3060 -1.01333333333332e-05
3061 -9.86666666666679e-06
3062 -9.40000000000009e-06
3063 -9.60000000000006e-06
3064 -9.79999999999988e-06
3065 -1.01333333333332e-05
3066 -1.02e-05
3067 -1.01333333333334e-05
3068 -1e-05
3069 -1e-05
3070 -1.01333333333334e-05
3071 -1.02666666666667e-05
3072 -1.02666666666667e-05
3073 -1.04666666666667e-05
3074 -1.04666666666667e-05
3075 -1.03999999999999e-05
3076 -1.02666666666666e-05
3077 -1.02666666666666e-05
3078 -1.02e-05
3079 -1e-05
3080 -1.02666666666667e-05
3081 -9.93333333333324e-06
3082 -9.79999999999988e-06
3083 -9.59999999999976e-06
3084 -1.00666666666666e-05
3085 -1.00666666666666e-05
3086 -1.01333333333334e-05
3087 -1.02666666666666e-05
3088 -1.06666666666667e-05
3089 -1.02666666666666e-05
3090 -1.03333333333333e-05
3091 -9.93333333333339e-06
3092 -1.04000000000001e-05
3093 -1.03333333333333e-05
3094 -1.05999999999999e-05
3095 -1.08666666666666e-05
3096 -1.06000000000001e-05
3097 -1.03333333333333e-05
3098 -9.73333333333327e-06
3099 -9.80000000000003e-06
3100 -9.93333333333339e-06
3101 -1.03333333333333e-05
3102 -1.03333333333333e-05
3103 -1.04666666666667e-05
3104 -1.02000000000001e-05
3105 -1.03333333333333e-05
3106 -1.03333333333333e-05
3107 -9.73333333333333e-06
3108 -9.53333333333337e-06
3109 -9.4e-06
3110 -1.01333333333333e-05
3111 -1.02666666666667e-05
3112 -1.02666666666667e-05
3113 -1.03333333333333e-05
3114 -1.02e-05
3115 -1.06e-05
3116 -1.05333333333333e-05
3117 -1.08e-05
3118 -1.07333333333333e-05
3119 -1.10666666666667e-05
3120 -1.12e-05
3121 -1.1e-05
3122 -1.06666666666667e-05
3123 -1.07333333333333e-05
3124 -1.08e-05
3125 -1.12e-05
3126 -1.07333333333333e-05
3127 -1.00666666666667e-05
3128 -9.4e-06
3129 -9.4e-06
3130 -9.93333333333334e-06
3131 -1.02e-05
3132 -1.03333333333333e-05
3133 -1.03333333333333e-05
3134 -1.03333333333333e-05
3135 -1.05333333333333e-05
3136 -1.08666666666667e-05
3137 -1.14e-05
3138 -1.16e-05
3139 -1.14e-05
3140 -1.1e-05
3141 -1.07333333333333e-05
3142 -1.07333333333333e-05
3143 -1.06666666666667e-05
3144 -1.06e-05
3145 -1.04666666666667e-05
3146 -1.02e-05
3147 -1.02e-05
3148 -1.02e-05
3149 -1e-05
3150 -1e-05
3151 -1e-05
3152 -1.02666666666667e-05
3153 -1.02666666666667e-05
3154 -1.02e-05
3155 -1.02e-05
3156 -1e-05
3157 -1.02e-05
3158 -1.02666666666667e-05
3159 -1.04666666666667e-05
3160 -1.03333333333333e-05
3161 -1.03333333333333e-05
3162 -1.01333333333333e-05
3163 -1.03333333333333e-05
3164 -1.05333333333333e-05
3165 -1.05333333333333e-05
3166 -1.02666666666667e-05
3167 -1.00666666666667e-05
3168 -1.02e-05
3169 -1.03333333333333e-05
3170 -1.02666666666667e-05
3171 -1.04e-05
3172 -1.02e-05
3173 -1.01333333333333e-05
3174 -1.01333333333334e-05
3175 -1.02666666666667e-05
3176 -1.06e-05
