#Triangle	Landuse	Code	Node_1	Node_2	Node_3
4	1	231	483	467	454
9	1	231	504	507	430
16	2	243	787	789	792
22	1	231	492	491	452
26	1	231	396	394	392
36	2	243	125	123	122
38	2	243	670	669	671
44	1	231	596	598	7
45	2	243	109	105	103
53	2	243	74	72	71
59	2	243	991	11	32
70	1	231	992	916	920
72	1	231	290	288	284
76	1	231	367	366	364
77	2	243	796	800	993
88	1	231	492	61	491
90	1	231	501	438	436
96	1	231	992	901	903
100	2	243	216	214	211
107	2	243	684	686	7
110	1	231	620	619	621
114	2	243	531	530	532
116	1	231	493	495	448
127	2	243	991	67	32
129	2	243	68	67	50
133	2	243	70	68	69
134	2	243	74	71	70
135	2	243	71	70	30
136	2	243	72	71	34
137	2	243	87	76	74
138	2	243	74	72	73
141	2	243	83	81	78
142	2	243	76	75	74
145	2	243	83	78	76
146	2	243	78	76	77
149	2	243	87	83	76
150	2	243	79	78	26
151	2	243	81	79	78
156	2	243	81	79	80
159	2	243	91	87	74
160	2	243	83	81	82
161	2	243	85	83	84
163	2	243	97	91	74
167	2	243	91	89	87
168	2	243	87	85	86
169	2	243	89	87	88
171	2	243	97	95	91
176	2	243	91	89	90
177	2	243	93	91	92
179	2	243	97	74	70
184	2	243	95	93	94
187	2	243	103	99	97
188	2	243	97	95	96
189	2	243	99	97	98
191	2	243	103	101	99
193	2	243	101	99	100
199	2	243	109	107	105
200	2	243	103	101	102
203	2	243	105	103	104
204	2	243	109	108	107
208	2	243	107	105	106
212	2	243	117	111	109
215	2	243	117	113	111
216	2	243	111	109	110
219	2	243	113	111	112
220	2	243	117	115	113
224	2	243	115	113	114
227	2	243	117	115	116
231	2	243	119	117	118
233	2	243	120	119	37
234	2	243	122	120	119
237	2	243	122	120	121
238	2	243	127	122	117
239	2	243	123	122	23
240	2	243	125	123	124
244	2	243	127	125	126
248	2	243	131	129	127
252	2	243	129	127	128
255	2	243	131	129	130
256	2	243	133	131	127
257	2	243	149	147	145
259	2	243	133	131	132
260	2	243	135	133	127
263	2	243	135	133	134
268	2	243	137	135	136
271	2	243	139	137	138
272	2	243	141	139	135
275	2	243	141	139	140
279	2	243	143	141	142
280	2	243	145	143	135
283	2	243	145	143	144
288	2	243	147	145	146
291	2	243	149	147	148
292	2	243	151	149	145
295	2	243	151	149	150
296	2	243	153	151	145
297	2	243	167	165	163
299	2	243	153	151	152
300	2	243	155	153	145
303	2	243	155	153	154
308	2	243	157	155	156
311	2	243	159	157	158
312	2	243	161	159	155
315	2	243	161	159	160
319	2	243	163	161	162
324	2	243	165	163	164
327	2	243	167	165	166
328	2	243	169	167	163
329	2	243	183	181	179
331	2	243	169	167	168
332	2	243	171	169	163
335	2	243	171	169	170
340	2	243	173	171	172
343	2	243	175	173	174
344	2	243	177	175	171
347	2	243	177	175	176
351	2	243	179	177	178
356	2	243	181	179	180
357	2	243	201	199	197
359	2	243	183	181	182
360	2	243	185	183	179
363	2	243	185	183	184
364	2	243	187	185	179
365	2	243	197	193	191
367	2	243	187	185	186
372	2	243	189	187	188
373	2	243	197	195	193
375	2	243	191	189	190
380	2	243	193	191	192
384	2	243	195	193	194
385	2	243	205	203	201
387	2	243	197	195	196
392	2	243	199	197	198
395	2	243	201	199	200
399	2	243	203	201	202
403	2	243	205	203	204
407	2	243	207	205	206
408	2	243	209	207	205
411	2	243	209	207	208
415	2	243	211	209	210
416	2	243	214	212	211
417	2	243	212	211	53
418	2	243	214	212	213
421	2	243	216	211	209
422	2	243	216	214	215
425	2	243	218	216	209
426	2	243	218	216	217
429	2	243	220	218	209
430	2	243	220	218	219
433	2	243	222	220	209
434	2	243	222	220	221
437	2	243	224	222	209
438	2	243	224	222	223
441	2	243	226	224	209
442	2	243	226	224	225
445	2	243	228	226	209
446	2	243	228	226	227
450	2	243	230	228	229
454	2	243	232	230	231
458	2	243	234	232	233
462	2	243	236	234	235
466	2	243	238	236	237
470	2	243	240	238	239
474	2	243	242	240	241
478	2	243	244	242	243
482	2	243	246	244	245
486	2	243	248	246	247
490	2	243	250	248	249
494	2	243	252	250	251
498	2	243	254	252	253
502	2	243	258	256	254
505	2	243	256	254	255
506	2	243	258	256	257
513	2	243	260	258	259
514	2	243	262	260	261
517	2	243	268	262	258
518	2	243	266	264	262
521	2	243	264	262	263
522	2	243	266	264	265
525	2	243	268	266	262
526	2	243	268	266	267
530	2	243	272	270	268
533	2	243	270	268	269
534	2	243	272	270	271
541	2	243	274	272	273
542	2	243	276	274	275
546	2	243	280	278	276
549	2	243	278	276	277
550	2	243	280	278	279
553	1	231	307	280	276
557	2	243	282	280	281
558	1	231	284	282	283
561	1	231	307	290	284
562	1	231	288	286	284
566	1	231	286	284	285
569	1	231	307	303	301
570	1	231	288	286	287
573	1	231	295	293	290
574	1	231	290	288	289
575	1	231	291	290	39
576	1	231	293	291	292
579	1	231	293	291	290
580	1	231	295	293	294
583	1	231	297	295	290
584	1	231	297	295	296
587	1	231	307	299	297
588	1	231	299	297	298
592	1	231	301	299	300
596	1	231	303	301	302
600	1	231	305	303	304
603	1	231	307	284	280
604	1	231	307	305	306
608	1	231	309	307	308
612	1	231	311	309	310
616	1	231	313	311	312
620	1	231	315	313	314
624	1	231	317	315	316
628	1	231	319	317	318
632	1	231	321	319	320
636	1	231	323	321	322
640	1	231	325	323	324
644	1	231	327	325	326
648	1	231	329	327	328
652	1	231	331	329	330
656	1	231	333	331	332
660	1	231	335	333	334
667	1	231	337	335	336
668	1	231	339	337	338
671	1	231	339	337	335
672	1	231	341	339	340
675	1	231	343	341	335
676	1	231	343	341	342
679	1	231	347	345	335
680	1	231	345	343	344
683	1	231	351	349	335
684	1	231	347	345	346
688	1	231	349	347	348
695	1	231	351	349	350
699	1	231	353	351	352
700	1	231	379	359	357
703	1	231	355	353	354
704	1	231	375	361	359
707	1	231	357	355	356
708	1	231	375	363	361
711	1	231	359	357	358
712	1	231	379	375	359
715	1	231	361	359	360
716	1	231	375	371	363
719	1	231	363	361	362
721	1	231	364	363	21
725	1	231	366	364	365
726	1	231	367	366	41
728	1	231	371	369	367
731	1	231	369	367	368
732	1	231	371	369	370
735	1	231	371	367	363
739	1	231	373	371	372
740	1	231	375	373	374
744	1	231	383	382	381
747	1	231	377	375	376
748	1	231	379	377	378
751	1	231	379	377	375
756	1	231	381	379	380
759	1	231	383	381	379
763	1	231	385	383	384
764	1	231	388	387	385
767	1	231	387	385	386
768	1	231	388	387	19
769	1	231	388	385	383
773	1	231	390	388	389
774	1	231	392	391	390
777	1	231	392	390	388
781	1	231	394	392	393
785	1	231	396	394	395
789	1	231	398	396	397
807	2	243	7	407	335
843	1	231	507	430	428
846	1	231	504	505	507
849	1	231	503	504	432
853	1	231	503	436	434
857	1	231	498	497	499
861	1	231	497	444	442
865	1	231	495	446	444
869	1	231	495	448	446
873	1	231	494	493	495
877	1	231	493	450	448
881	1	231	493	492	450
885	1	231	492	452	450
889	1	231	486	483	454
897	1	231	467	465	463
905	1	231	457	27	9
912	1	231	459	457	456
915	1	231	461	460	459
919	1	231	463	462	461
923	1	231	465	464	463
924	1	231	467	463	454
928	1	231	483	470	467
929	1	231	468	6	467
930	1	231	470	469	468
933	1	231	483	481	470
937	1	231	471	472	470
941	1	231	474	473	472
942	1	231	481	474	470
945	1	231	476	475	474
946	1	231	478	476	474
949	1	231	478	477	476
950	1	231	479	478	474
951	1	231	479	17	478
955	1	231	481	479	474
959	1	231	486	454	452
960	1	231	483	482	481
963	1	231	488	486	452
965	1	231	491	490	488
966	1	231	486	47	485
969	1	231	491	14	490
970	1	231	488	487	486
974	1	231	490	489	488
976	1	231	491	488	452
977	1	231	48	493	492
978	1	231	10	48	493
979	1	231	495	497	444
981	1	231	496	495	497
983	1	231	497	499	442
985	1	231	499	440	438
987	1	231	500	499	501
988	1	231	499	442	440
992	1	231	499	501	438
993	1	231	502	501	503
996	1	231	501	503	436
1000	1	231	503	434	432
1001	1	231	46	503	504
1002	1	231	504	432	430
1003	1	231	29	504	505
1004	1	231	506	505	507
1007	1	231	507	509	428
1008	1	231	508	507	509
1011	1	231	509	428	426
1012	1	231	510	509	511
1015	1	231	509	511	426
1016	1	231	512	511	513
1019	1	231	511	513	426
1020	2	243	514	513	515
1023	1	231	513	515	426
1024	2	243	66	515	516
1025	1	231	515	518	426
1029	1	231	518	520	426
1030	2	243	518	519	520
1033	2	243	520	426	7
1037	2	243	520	522	7
1038	2	243	522	523	524
1041	2	243	522	524	7
1045	2	243	524	526	7
1046	2	243	527	526	528
1049	2	243	526	528	7
1050	2	243	529	528	530
1053	2	243	528	530	7
1057	2	243	530	532	7
1058	2	243	60	532	533
1060	2	243	534	533	535
1063	2	243	532	535	7
1064	2	243	536	535	537
1067	2	243	535	537	7
1068	2	243	45	537	538
1073	2	243	537	540	7
1074	2	243	541	540	542
1077	2	243	540	542	7
1081	2	243	542	544	7
1086	2	243	545	544	546
1090	1	231	544	548	7
1093	1	231	549	548	550
1094	1	231	548	550	7
1098	1	231	550	552	7
1099	1	231	65	568	569
1102	1	231	553	552	554
1106	1	231	552	556	7
1109	1	231	557	556	558
1110	1	231	556	558	7
1114	1	231	558	560	7
1117	1	231	561	560	562
1122	1	231	560	564	7
1125	1	231	565	564	566
1126	1	231	564	566	7
1130	1	231	566	568	7
1135	1	231	568	571	7
1136	1	231	572	571	573
1139	1	231	571	573	7
1143	1	231	573	575	7
1144	1	231	576	575	577
1147	1	231	575	577	7
1155	1	231	580	579	581
1156	1	231	577	581	7
1160	1	231	581	583	7
1163	1	231	584	583	585
1164	1	231	583	585	7
1171	1	231	588	587	589
1172	1	231	585	589	7
1176	1	231	589	591	7
1179	1	231	591	593	7
1182	1	231	59	593	594
1185	1	231	595	594	596
1186	1	231	593	596	7
1189	1	231	597	596	598
1193	1	231	599	598	600
1195	1	231	25	600	601
1199	1	231	598	600	605
1200	1	231	604	603	605
1203	1	231	598	605	7
1207	1	231	605	607	7
1208	1	231	608	607	609
1211	1	231	607	609	7
1215	1	231	609	611	7
1216	1	231	612	611	613
1219	1	231	611	613	7
1223	1	231	613	615	7
1224	1	231	616	615	617
1227	1	231	615	617	7
1231	1	231	617	619	7
1232	1	231	58	621	622
1235	1	231	619	621	7
1241	1	231	621	626	7
1242	1	231	623	622	624
1245	1	231	626	628	7
1249	1	231	628	630	7
1250	1	231	627	626	628
1253	1	231	630	632	7
1257	1	231	632	634	7
1258	1	231	631	630	632
1261	1	231	634	636	7
1265	1	231	636	638	7
1266	1	231	635	634	636
1269	1	231	638	640	7
1273	1	231	640	642	7
1274	2	243	639	638	640
1277	1	231	642	644	7
1282	2	243	643	642	644
1285	1	231	644	646	7
1288	2	243	64	646	647
1295	2	243	650	649	651
1300	2	243	646	653	7
1303	2	243	654	653	655
1304	2	243	653	655	7
1308	2	243	655	657	7
1311	2	243	658	657	659
1312	2	243	657	659	7
1316	2	243	659	661	7
1319	2	243	662	661	663
1320	2	243	661	663	7
1324	2	243	663	665	7
1327	2	243	666	665	667
1328	2	243	665	667	7
1332	2	243	667	669	7
1335	2	243	669	671	7
1339	2	243	671	673	7
1341	2	243	44	673	674
1345	2	243	675	674	676
1349	2	243	673	680	7
1350	2	243	677	676	678
1353	2	243	679	678	680
1354	2	243	680	682	7
1357	2	243	682	684	7
1358	2	243	681	680	682
1361	2	243	683	682	684
1362	2	243	686	688	708
1366	2	243	685	684	686
1369	2	243	687	686	688
1373	2	243	694	696	701
1374	2	243	689	688	690
1377	2	243	691	690	692
1378	2	243	690	692	701
1382	2	243	693	692	694
1385	2	243	695	694	696
1388	2	243	22	696	697
1392	2	243	700	699	701
1395	2	243	690	701	708
1397	2	243	57	701	702
1401	2	243	701	702	704
1406	2	243	707	706	708
1409	2	243	686	708	7
1414	2	243	709	708	710
1417	2	243	711	710	712
1421	2	243	708	716	7
1426	2	243	715	714	716
1434	2	243	716	718	720
1441	2	243	723	722	724
1442	2	243	716	724	7
1443	2	243	727	726	728
1446	2	243	725	724	726
1453	2	243	724	732	993
1458	2	243	731	730	732
1459	2	243	43	732	733
1463	2	243	732	733	735
1491	2	243	748	747	749
1495	2	243	750	749	751
1500	2	243	752	751	753
1504	2	243	754	753	755
1508	2	243	756	755	757
1511	2	243	758	757	759
1512	2	243	20	761	762
1516	2	243	760	759	761
1517	2	243	747	762	771
1525	2	243	765	764	766
1526	2	243	56	766	767
1527	2	243	732	747	771
1532	2	243	770	769	771
1535	2	243	732	771	993
1539	2	243	772	771	773
1544	2	243	776	775	777
1548	2	243	777	779	781
1552	2	243	780	779	781
1555	2	243	781	787	993
1564	2	243	784	783	785
1568	2	243	787	796	993
1576	2	243	42	791	792
1577	2	243	806	810	993
1582	2	243	795	794	796
1586	2	243	800	806	993
1590	2	243	799	798	800
1593	2	243	800	802	804
1594	2	243	810	814	993
1598	2	243	803	802	804
1601	2	243	814	818	993
1606	2	243	818	822	993
1609	2	243	807	806	808
1613	2	243	828	832	993
1614	2	243	810	812	814
1621	2	243	822	828	993
1625	2	243	815	814	816
1633	2	243	819	818	820
1634	1	231	884	993	992
1641	2	243	823	822	824
1642	2	243	842	848	993
1645	2	243	882	884	993
1650	2	243	827	826	828
1658	2	243	831	830	832
1662	2	243	848	880	993
1670	2	243	837	836	838
1673	2	243	839	838	840
1677	2	243	842	844	848
1682	2	243	880	881	993
1690	2	243	847	846	848
1694	2	243	854	860	880
1697	2	243	851	850	852
1701	2	243	860	866	880
1706	2	243	856	858	860
1714	2	243	859	858	860
1721	2	243	863	862	864
1730	2	243	866	867	868
1734	2	243	870	872	878
1741	2	243	12	877	8
1743	2	243	18	874	875
1755	2	243	881	882	993
1757	2	243	838	842	993
1769	1	231	887	992	891
1776	1	231	992	891	895
1784	1	231	992	907	909
1788	1	231	992	897	901
1795	1	231	899	900	901
1800	1	231	992	903	907
1804	1	231	992	912	916
1808	1	231	992	909	912
1814	1	231	910	911	912
1825	1	231	914	915	916
1833	1	231	918	919	920
1838	2	243	992	942	957
1841	1	231	922	923	924
1846	1	231	926	927	928
1850	1	231	928	28	929
1852	1	231	929	24	930
1857	1	231	930	931	932
1862	1	231	932	933	934
1865	1	231	934	935	936
1869	2	243	942	955	957
1870	1	231	936	937	938
1873	1	231	938	939	940
1874	2	243	942	944	953
1877	2	243	942	953	955
1878	1	231	940	941	942
1881	1	231	942	943	944
1882	2	243	944	946	953
1885	2	243	948	952	953
1886	1	231	944	945	946
1889	2	243	946	947	948
1892	2	243	948	36	949
1895	2	243	949	950	951
1896	2	243	951	5	952
1897	2	243	948	949	952
1898	2	243	952	52	953
1899	2	243	946	948	953
1900	2	243	992	940	942
1903	2	243	953	955	954
1907	2	243	955	956	957
1908	1	231	992	924	940
1911	2	243	957	958	959
1915	2	243	959	960	961
1916	1	231	992	920	924
1919	2	243	961	962	963
1920	2	243	963	964	965
1927	2	243	965	966	967
1928	2	243	967	35	968
1930	2	243	968	15	969
1932	2	243	969	62	970
1934	2	243	970	971	972
1937	1	231	992	895	897
1938	2	243	972	973	974
1942	2	243	974	975	976
1946	2	243	976	977	978
1949	2	243	832	838	993
1950	2	243	978	979	980
1953	2	243	771	781	993
1954	2	243	980	981	982
1961	2	243	982	983	984
1963	2	243	984	51	985
1967	2	243	985	986	987
1971	2	243	987	988	989
1972	2	243	989	33	990
1975	2	243	990	49	991
1976	2	243	7	993	991
1979	2	243	724	7	993
1980	2	243	993	992	978
