#Node	Coord_X	Coord_Y	Coord_Z	Bound
993	-792409.4892	-1168089.9313	806.020019531	0
7	-792057.4892	-1168299.9313	834.635192871	0
991	-792205.4892	-1167893.9313	825.019042969	1
724	-792419.4892	-1168457.9313	844.349975586	1
732	-792429.4892	-1168449.9313	843.150024414	1
730	-792427.4892	-1168451.9313	843.285339355	1
731	-792429.4892	-1168451.9313	843.41998291	1
728	-792425.4892	-1168453.9313	843.573059082	1
726	-792423.4892	-1168455.9313	843.92779541	1
727	-792425.4892	-1168455.9313	843.803344727	1
725	-792423.4892	-1168457.9313	844.133422852	1
722	-792417.4892	-1168459.9313	844.699707031	1
723	-792419.4892	-1168459.9313	844.700012207	1
716	-792409.4892	-1168465.9313	845.985351563	1
720	-792415.4892	-1168461.9313	845.108642578	1
718	-792413.4892	-1168463.9313	845.440002441	1
880	-792579.4892	-1168203.9313	805.049987793	1
878	-792581.4892	-1168235.9313	807.760314941	1
866	-792569.4892	-1168263.9313	811.887939453	1
870	-792573.4892	-1168257.9313	810.640319824	1
872	-792575.4892	-1168255.9313	810.09576416	1
875	-792579.4892	-1168249.9313	809.114562988	1
877	-792581.4892	-1168247.9313	808.75592041	1
8	-792583.4892	-1168235.9313	807.513305664	1
874	-792577.4892	-1168253.9313	809.606262207	1
18	-792579.4892	-1168253.9313	809.280029297	1
868	-792571.4892	-1168261.9313	811.261474609	1
800	-792503.4892	-1168359.9313	828.34777832	1
799	-792503.4892	-1168363.9313	828.967346191	1
798	-792501.4892	-1168363.9313	829.210998535	1
802	-792505.4892	-1168357.9313	828.090026855	1
804	-792507.4892	-1168353.9313	827.443725586	1
806	-792509.4892	-1168349.9313	826.712158203	1
808	-792511.4892	-1168347.9313	826.344665527	1
807	-792511.4892	-1168349.9313	826.561950684	1
810	-792513.4892	-1168343.9313	825.87121582	1
814	-792517.4892	-1168337.9313	824.851074219	1
812	-792515.4892	-1168341.9313	825.497924805	1
816	-792519.4892	-1168335.9313	824.386962891	1
815	-792519.4892	-1168337.9313	824.710021973	1
818	-792521.4892	-1168331.9313	823.674560547	1
820	-792523.4892	-1168329.9313	823.194274902	1
819	-792523.4892	-1168331.9313	823.483032227	1
822	-792525.4892	-1168325.9313	822.763305664	1
828	-792531.4892	-1168315.9313	821.182495117	1
826	-792529.4892	-1168319.9313	821.809997559	1
827	-792531.4892	-1168319.9313	821.634399414	1
859	-792563.4892	-1168275.9313	813.469909668	1
858	-792561.4892	-1168275.9313	813.653137207	1
860	-792563.4892	-1168271.9313	813.119750977	1
856	-792559.4892	-1168277.9313	813.989990234	1
854	-792557.4892	-1168279.9313	814.344970703	1
852	-792555.4892	-1168283.9313	815.168212891	1
848	-792551.4892	-1168287.9313	816.210021973	1
850	-792553.4892	-1168285.9313	815.679748535	1
842	-792545.4892	-1168295.9313	816.510009766	1
844	-792547.4892	-1168293.9313	816.400024414	1
846	-792549.4892	-1168291.9313	816.338867188	1
847	-792551.4892	-1168291.9313	816.246704102	1
840	-792543.4892	-1168299.9313	817.900024414	1
838	-792541.4892	-1168301.9313	818.900024414	1
839	-792543.4892	-1168301.9313	818.657531738	1
837	-792541.4892	-1168305.9313	818.856018066	1
836	-792539.4892	-1168305.9313	818.849975586	1
831	-792535.4892	-1168313.9313	820.530029297	1
830	-792533.4892	-1168313.9313	820.740600586	1
832	-792535.4892	-1168309.9313	819.999938965	1
881	-792577.4892	-1168171.9313	803.787475586	1
882	-792575.4892	-1168151.9313	803.098571777	1
887	-792569.4892	-1168099.9313	801.349975586	1
992	-792421.4892	-1168077.9313	805.465026855	0
884	-792573.4892	-1168135.9313	802.408691406	1
978	-792353.4892	-1167909.9313	808.847839355	1
976	-792367.4892	-1167911.9313	807.619995117	1
977	-792367.4892	-1167909.9313	807.375	1
980	-792341.4892	-1167907.9313	809.686828613	1
979	-792353.4892	-1167907.9313	808.790039063	1
982	-792329.4892	-1167905.9313	810.782470703	1
981	-792341.4892	-1167905.9313	809.625366211	1
984	-792317.4892	-1167903.9313	811.820007324	1
983	-792329.4892	-1167903.9313	810.637512207	1
985	-792303.4892	-1167901.9313	813.38659668	1
987	-792291.4892	-1167899.9313	815.103027344	1
989	-792279.4892	-1167897.9313	816.385009766	1
990	-792249.4892	-1167895.9313	820.25	1
33	-792279.4892	-1167895.9313	816.234130859	1
49	-792249.4892	-1167893.9313	820.354064941	1
67	-792089.4892	-1167893.9313	840.303466797	1
68	-792071.4892	-1167895.9313	842.894042969	1
50	-792071.4892	-1167893.9313	842.745727539	1
70	-792055.4892	-1167897.9313	843.965942383	1
97	-791977.4892	-1167927.9313	850.343078613	1
74	-792023.4892	-1167903.9313	846.700012207	1
71	-792037.4892	-1167899.9313	845.466003418	1
72	-792029.4892	-1167901.9313	846.409973145	1
73	-792023.4892	-1167901.9313	846.585510254	1
76	-792015.4892	-1167905.9313	847.128723145	1
75	-792015.4892	-1167903.9313	846.956604004	1
78	-792009.4892	-1167907.9313	847.612915039	1
77	-792009.4892	-1167905.9313	847.40032959	1
79	-792001.4892	-1167909.9313	847.99621582	1
26	-792001.4892	-1167907.9313	847.804443359	1
82	-791997.4892	-1167911.9313	848.225646973	1
81	-791999.4892	-1167911.9313	848.223083496	1
83	-791997.4892	-1167913.9313	848.466552734	1
85	-791993.4892	-1167915.9313	848.815734863	1
84	-791993.4892	-1167913.9313	848.548156738	1
89	-791987.4892	-1167919.9313	849.434448242	1
88	-791987.4892	-1167917.9313	849.213500977	1
87	-791991.4892	-1167917.9313	849.159973145	1
93	-791981.4892	-1167923.9313	849.94128418	1
92	-791981.4892	-1167921.9313	849.760437012	1
91	-791985.4892	-1167921.9313	849.676513672	1
95	-791979.4892	-1167925.9313	850.149780273	1
96	-791977.4892	-1167925.9313	850.206237793	1
99	-791973.4892	-1167929.9313	850.619995117	1
98	-791973.4892	-1167927.9313	850.474121094	1
103	-791967.4892	-1167933.9313	851.070861816	1
101	-791969.4892	-1167931.9313	850.797363281	1
100	-791969.4892	-1167929.9313	850.684997559	1
105	-791963.4892	-1167935.9313	851.340026855	1
104	-791963.4892	-1167933.9313	851.159973145	1
107	-791959.4892	-1167937.9313	851.71887207	1
106	-791959.4892	-1167935.9313	851.541748047	1
111	-791953.4892	-1167941.9313	852.158569336	1
110	-791953.4892	-1167939.9313	852.00982666	1
109	-791957.4892	-1167939.9313	851.940856934	1
117	-791943.4892	-1167947.9313	852.689758301	1
113	-791949.4892	-1167943.9313	852.286010742	1
115	-791945.4892	-1167945.9313	852.539978027	1
116	-791943.4892	-1167945.9313	852.641845703	1
119	-791939.4892	-1167949.9313	852.739990234	1
120	-791935.4892	-1167951.9313	852.811157227	1
37	-791935.4892	-1167949.9313	852.75	1
122	-791933.4892	-1167953.9313	852.849609375	1
127	-791925.4892	-1167959.9313	853.109985352	1
135	-791915.4892	-1167967.9313	853.320007324	1
145	-791903.4892	-1167977.9313	853.353027344	1
155	-791891.4892	-1167987.9313	853.253112793	1
163	-791881.4892	-1167995.9313	853.420227051	1
171	-791871.4892	-1168003.9313	853.559753418	1
179	-791861.4892	-1168011.9313	853.930114746	1
187	-791851.4892	-1168019.9313	854.030029297	1
191	-791845.4892	-1168023.9313	854.239990234	1
197	-791835.4892	-1168029.9313	854.719055176	1
201	-791829.4892	-1168033.9313	855.030029297	1
205	-791823.4892	-1168037.9313	855.164855957	1
209	-791817.4892	-1168041.9313	855.599975586	1
228	-791793.4892	-1168061.9313	856.516235352	1
230	-791791.4892	-1168063.9313	856.834472656	1
232	-791789.4892	-1168065.9313	856.96661377	1
234	-791787.4892	-1168067.9313	857.082275391	1
236	-791785.4892	-1168069.9313	857.208374023	1
238	-791783.4892	-1168071.9313	857.386352539	1
240	-791781.4892	-1168073.9313	857.543212891	1
242	-791779.4892	-1168075.9313	857.672973633	1
244	-791777.4892	-1168077.9313	857.764282227	1
246	-791775.4892	-1168079.9313	857.892028809	1
248	-791773.4892	-1168081.9313	858.039978027	1
250	-791771.4892	-1168083.9313	858.288818359	1
252	-791769.4892	-1168085.9313	858.522705078	1
254	-791767.4892	-1168087.9313	858.734985352	1
258	-791761.4892	-1168091.9313	858.984985352	1
268	-791747.4892	-1168101.9313	860.022216797	1
272	-791741.4892	-1168105.9313	860.359985352	1
276	-791735.4892	-1168109.9313	860.299987793	1
307	-791695.4892	-1168143.9313	860.706176758	1
309	-791693.4892	-1168145.9313	860.770019531	1
311	-791691.4892	-1168147.9313	860.652709961	1
313	-791689.4892	-1168149.9313	860.609985352	1
315	-791687.4892	-1168151.9313	860.640014648	1
317	-791685.4892	-1168153.9313	860.608520508	1
319	-791683.4892	-1168155.9313	860.609985352	1
321	-791681.4892	-1168157.9313	860.520019531	1
323	-791679.4892	-1168159.9313	860.571777344	1
325	-791677.4892	-1168161.9313	860.479980469	1
324	-791677.4892	-1168159.9313	860.655029297	1
327	-791675.4892	-1168163.9313	860.562744141	1
326	-791675.4892	-1168161.9313	860.619995117	1
329	-791673.4892	-1168165.9313	860.590026855	1
328	-791673.4892	-1168163.9313	860.640014648	1
331	-791671.4892	-1168167.9313	860.446044922	1
330	-791671.4892	-1168165.9313	860.516235352	1
333	-791669.4892	-1168169.9313	860.409790039	1
332	-791669.4892	-1168167.9313	860.469970703	1
335	-791667.4892	-1168171.9313	860.388366699	1
334	-791667.4892	-1168169.9313	860.437561035	1
337	-791663.4892	-1168173.9313	860.350402832	1
336	-791663.4892	-1168171.9313	860.424987793	1
339	-791661.4892	-1168175.9313	860.323608398	1
341	-791659.4892	-1168177.9313	860.291503906	1
340	-791659.4892	-1168175.9313	860.329467773	1
343	-791657.4892	-1168179.9313	860.280578613	1
342	-791657.4892	-1168177.9313	860.280029297	1
345	-791655.4892	-1168181.9313	860.223388672	1
344	-791655.4892	-1168179.9313	860.286682129	1
347	-791653.4892	-1168183.9313	860.203491211	1
346	-791653.4892	-1168181.9313	860.271911621	1
349	-791651.4892	-1168185.9313	860.183105469	1
348	-791651.4892	-1168183.9313	860.270019531	1
351	-791649.4892	-1168187.9313	860.164428711	1
350	-791649.4892	-1168185.9313	860.197998047	1
353	-791647.4892	-1168189.9313	860.210021973	1
407	-791587.4892	-1168295.9313	861.679992676	1
355	-791645.4892	-1168191.9313	860.153747559	1
354	-791645.4892	-1168189.9313	860.176147461	1
357	-791643.4892	-1168193.9313	860.030029297	1
356	-791643.4892	-1168191.9313	860.159973145	1
379	-791617.4892	-1168225.9313	860.340026855	1
383	-791613.4892	-1168231.9313	860.492980957	1
388	-791607.4892	-1168239.9313	860.653015137	1
385	-791611.4892	-1168233.9313	860.536682129	1
387	-791609.4892	-1168235.9313	860.684997559	1
19	-791607.4892	-1168235.9313	860.611938477	1
390	-791605.4892	-1168241.9313	860.670410156	1
389	-791605.4892	-1168239.9313	860.659973145	1
392	-791603.4892	-1168245.9313	860.789978027	1
396	-791599.4892	-1168251.9313	860.770019531	1
398	-791597.4892	-1168253.9313	860.820007324	1
426	-791567.4892	-1168435.9313	867.369995117	1
520	-791873.4892	-1168671.9313	867.522033691	1
522	-791883.4892	-1168669.9313	866.702880859	1
524	-791893.4892	-1168667.9313	865.930725098	1
526	-791903.4892	-1168665.9313	865.206115723	1
528	-791913.4892	-1168663.9313	864.471862793	1
530	-791923.4892	-1168661.9313	863.722961426	1
532	-791933.4892	-1168659.9313	863.053344727	1
535	-791951.4892	-1168655.9313	861.918518066	1
537	-791959.4892	-1168653.9313	861.504638672	1
540	-791973.4892	-1168649.9313	860.942565918	1
542	-791979.4892	-1168647.9313	860.950012207	1
544	-791985.4892	-1168645.9313	860.535095215	1
548	-791999.4892	-1168641.9313	859.950012207	1
550	-792005.4892	-1168639.9313	859.862976074	1
552	-792011.4892	-1168637.9313	859.590026855	1
556	-792025.4892	-1168633.9313	859.514160156	1
558	-792031.4892	-1168631.9313	859.423522949	1
560	-792037.4892	-1168629.9313	859.15246582	1
564	-792051.4892	-1168625.9313	858.770019531	1
566	-792057.4892	-1168623.9313	858.645812988	1
568	-792063.4892	-1168621.9313	858.722595215	1
571	-792077.4892	-1168617.9313	858.510009766	1
573	-792083.4892	-1168615.9313	858.450012207	1
575	-792089.4892	-1168613.9313	858.278320313	1
577	-792095.4892	-1168611.9313	858.332580566	1
581	-792109.4892	-1168607.9313	858.119140625	1
583	-792115.4892	-1168605.9313	858.08001709	1
585	-792121.4892	-1168603.9313	858.030029297	1
589	-792135.4892	-1168599.9313	857.800964355	1
591	-792141.4892	-1168597.9313	857.749084473	1
593	-792147.4892	-1168595.9313	857.673278809	1
596	-792161.4892	-1168591.9313	857.618896484	1
598	-792167.4892	-1168589.9313	857.604064941	1
605	-792187.4892	-1168581.9313	857.861206055	1
607	-792191.4892	-1168579.9313	857.905029297	1
609	-792195.4892	-1168577.9313	857.965515137	1
611	-792199.4892	-1168575.9313	857.969970703	1
613	-792203.4892	-1168573.9313	858.011047363	1
615	-792207.4892	-1168571.9313	858.25	1
617	-792211.4892	-1168569.9313	858.174987793	1
619	-792215.4892	-1168567.9313	858.182312012	1
621	-792219.4892	-1168565.9313	858.13293457	1
626	-792233.4892	-1168559.9313	858.137145996	1
624	-792229.4892	-1168561.9313	858.059997559	1
622	-792225.4892	-1168563.9313	858.130981445	1
623	-792229.4892	-1168563.9313	858.103515625	1
64	-792279.4892	-1168539.9313	858.238586426	1
646	-792273.4892	-1168539.9313	858.31640625	1
647	-792279.4892	-1168537.9313	858.194152832	1
627	-792237.4892	-1168559.9313	858.289978027	1
628	-792237.4892	-1168557.9313	858.22644043	1
630	-792241.4892	-1168555.9313	858.220336914	1
632	-792245.4892	-1168553.9313	858.299987793	1
631	-792245.4892	-1168555.9313	858.258850098	1
634	-792249.4892	-1168551.9313	858.274963379	1
636	-792253.4892	-1168549.9313	858.320007324	1
635	-792253.4892	-1168551.9313	858.304992676	1
638	-792257.4892	-1168547.9313	858.427856445	1
640	-792261.4892	-1168545.9313	858.440002441	1
639	-792261.4892	-1168547.9313	858.460021973	1
642	-792265.4892	-1168543.9313	858.385437012	1
644	-792269.4892	-1168541.9313	858.360595703	1
643	-792269.4892	-1168543.9313	858.40020752	1
653	-792291.4892	-1168531.9313	857.864257813	1
655	-792295.4892	-1168529.9313	857.890014648	1
657	-792299.4892	-1168527.9313	857.625	1
659	-792303.4892	-1168525.9313	857.494995117	1
661	-792307.4892	-1168523.9313	857.132629395	1
663	-792311.4892	-1168521.9313	856.895019531	1
665	-792315.4892	-1168519.9313	856.763671875	1
667	-792319.4892	-1168517.9313	856.55279541	1
669	-792323.4892	-1168515.9313	856.58001709	1
671	-792327.4892	-1168513.9313	856.130004883	1
673	-792331.4892	-1168511.9313	856.179870605	1
680	-792349.4892	-1168503.9313	854.449157715	1
682	-792353.4892	-1168501.9313	854.043823242	1
684	-792357.4892	-1168499.9313	853.606689453	1
686	-792361.4892	-1168497.9313	853.130004883	1
685	-792361.4892	-1168499.9313	853.256408691	1
688	-792365.4892	-1168495.9313	852.690734863	1
687	-792365.4892	-1168497.9313	852.796691895	1
690	-792369.4892	-1168493.9313	852.227905273	1
689	-792369.4892	-1168495.9313	852.323181152	1
692	-792373.4892	-1168491.9313	851.626342773	1
691	-792373.4892	-1168493.9313	851.727844238	1
694	-792377.4892	-1168489.9313	851.070007324	1
693	-792377.4892	-1168491.9313	851.076782227	1
696	-792381.4892	-1168487.9313	850.469970703	1
695	-792381.4892	-1168489.9313	850.638671875	1
697	-792385.4892	-1168485.9313	849.945800781	1
22	-792385.4892	-1168487.9313	850.050415039	1
709	-792403.4892	-1168473.9313	847.262207031	1
708	-792399.4892	-1168473.9313	847.229980469	1
710	-792403.4892	-1168471.9313	847.109130859	1
712	-792405.4892	-1168469.9313	846.753295898	1
714	-792407.4892	-1168467.9313	846.36517334	1
715	-792409.4892	-1168467.9313	846.112792969	1
711	-792405.4892	-1168471.9313	846.856872559	1
707	-792399.4892	-1168475.9313	847.55267334	1
706	-792397.4892	-1168475.9313	847.789978027	1
701	-792389.4892	-1168481.9313	849.317626953	1
704	-792395.4892	-1168477.9313	848.66998291	1
702	-792393.4892	-1168479.9313	848.860839844	1
57	-792393.4892	-1168481.9313	849.049987793	1
700	-792389.4892	-1168483.9313	849.48840332	1
699	-792387.4892	-1168483.9313	849.695861816	1
676	-792341.4892	-1168507.9313	855.435913086	1
675	-792341.4892	-1168509.9313	855.506469727	1
674	-792337.4892	-1168509.9313	855.779724121	1
44	-792337.4892	-1168511.9313	855.836669922	1
651	-792287.4892	-1168533.9313	858.011230469	1
649	-792283.4892	-1168535.9313	858.184509277	1
650	-792287.4892	-1168535.9313	858.062438965	1
678	-792345.4892	-1168505.9313	855.210021973	1
677	-792345.4892	-1168507.9313	855.086853027	1
679	-792349.4892	-1168505.9313	854.59375	1
683	-792357.4892	-1168501.9313	853.700927734	1
681	-792353.4892	-1168503.9313	854.071289063	1
670	-792327.4892	-1168515.9313	856.36706543	1
666	-792319.4892	-1168519.9313	856.575256348	1
662	-792311.4892	-1168523.9313	856.979980469	1
658	-792303.4892	-1168527.9313	857.469970703	1
654	-792295.4892	-1168531.9313	857.775024414	1
604	-792187.4892	-1168583.9313	857.876831055	1
603	-792183.4892	-1168583.9313	857.85559082	1
600	-792173.4892	-1168587.9313	857.929992676	1
601	-792179.4892	-1168585.9313	857.785705566	1
25	-792179.4892	-1168587.9313	857.800415039	1
599	-792173.4892	-1168589.9313	857.829589844	1
587	-792129.4892	-1168601.9313	857.859985352	1
579	-792103.4892	-1168609.9313	858.08001709	1
580	-792109.4892	-1168609.9313	858.099975586	1
569	-792071.4892	-1168619.9313	858.549987793	1
65	-792071.4892	-1168621.9313	858.41998291	1
562	-792045.4892	-1168627.9313	859.071838379	1
561	-792045.4892	-1168629.9313	859.099975586	1
554	-792019.4892	-1168635.9313	859.612915039	1
553	-792019.4892	-1168637.9313	859.641662598	1
546	-791993.4892	-1168643.9313	860.159973145	1
545	-791993.4892	-1168645.9313	860.201904297	1
538	-791967.4892	-1168651.9313	861.110900879	1
45	-791967.4892	-1168653.9313	861.177062988	1
516	-791855.4892	-1168675.9313	868.489990234	1
66	-791855.4892	-1168677.9313	868.589660645	1
515	-791845.4892	-1168677.9313	869.144348145	1
514	-791845.4892	-1168679.9313	869.150878906	1
513	-791835.4892	-1168679.9313	869.655578613	1
512	-791835.4892	-1168681.9313	869.747253418	1
511	-791825.4892	-1168681.9313	870.015075684	1
510	-791825.4892	-1168683.9313	870.009887695	1
509	-791815.4892	-1168683.9313	870.401428223	1
508	-791815.4892	-1168685.9313	870.439086914	1
507	-791805.4892	-1168685.9313	870.969970703	1
506	-791805.4892	-1168687.9313	870.988952637	1
505	-791795.4892	-1168687.9313	871.416992188	1
503	-791757.4892	-1168691.9313	873.261901855	1
504	-791777.4892	-1168689.9313	872.16986084	1
46	-791777.4892	-1168691.9313	872.182861328	1
432	-791561.4892	-1168471.9313	869.598449707	1
434	-791559.4892	-1168483.9313	870.192810059	1
9	-791535.4892	-1168639.9313	885.415710449	1
457	-791537.4892	-1168649.9313	886.013793945	1
27	-791535.4892	-1168649.9313	886.074401855	1
456	-791537.4892	-1168639.9313	885.349182129	1
454	-791539.4892	-1168623.9313	884.16003418	1
450	-791543.4892	-1168589.9313	880.52557373	1
452	-791541.4892	-1168607.9313	882.483337402	1
492	-791637.4892	-1168701.9313	881.675231934	1
491	-791613.4892	-1168699.9313	883.219970703	1
488	-791593.4892	-1168695.9313	884.309997559	1
486	-791587.4892	-1168693.9313	884.769714355	1
483	-791577.4892	-1168689.9313	885.469970703	1
467	-791547.4892	-1168663.9313	886.457641602	1
470	-791551.4892	-1168669.9313	886.33001709	1
481	-791571.4892	-1168687.9313	885.590026855	1
474	-791555.4892	-1168675.9313	886.400024414	1
479	-791565.4892	-1168685.9313	885.972595215	1
47	-791581.4892	-1168693.9313	885.304992676	1
485	-791581.4892	-1168691.9313	885.150024414	1
489	-791593.4892	-1168697.9313	884.292419434	1
490	-791599.4892	-1168697.9313	883.824279785	1
14	-791599.4892	-1168699.9313	883.829040527	1
48	-791637.4892	-1168703.9313	881.700012207	1
493	-791663.4892	-1168701.9313	879.880004883	1
10	-791663.4892	-1168703.9313	879.83001709	1
495	-791681.4892	-1168699.9313	878.302978516	1
497	-791701.4892	-1168697.9313	876.929992676	1
496	-791701.4892	-1168699.9313	877.039978027	1
444	-791549.4892	-1168545.9313	875.599975586	1
442	-791551.4892	-1168533.9313	874.429992676	1
499	-791719.4892	-1168695.9313	875.640014648	1
440	-791553.4892	-1168521.9313	873.469970703	1
438	-791555.4892	-1168509.9313	872.401000977	1
501	-791739.4892	-1168693.9313	874.380004883	1
436	-791557.4892	-1168497.9313	871.390869141	1
502	-791757.4892	-1168693.9313	873.263061523	1
500	-791739.4892	-1168695.9313	874.407714844	1
446	-791547.4892	-1168557.9313	876.989685059	1
448	-791545.4892	-1168573.9313	878.929992676	1
498	-791719.4892	-1168697.9313	875.599975586	1
494	-791681.4892	-1168701.9313	878.328613281	1
476	-791557.4892	-1168679.9313	886.282836914	1
475	-791555.4892	-1168679.9313	886.452575684	1
478	-791559.4892	-1168681.9313	886.196655273	1
472	-791553.4892	-1168673.9313	886.270019531	1
473	-791553.4892	-1168675.9313	886.520019531	1
471	-791551.4892	-1168673.9313	886.466674805	1
461	-791541.4892	-1168655.9313	886.325012207	1
460	-791539.4892	-1168655.9313	886.386657715	1
459	-791539.4892	-1168651.9313	886.076660156	1
463	-791543.4892	-1168657.9313	886.125	1
462	-791541.4892	-1168657.9313	886.255004883	1
465	-791545.4892	-1168661.9313	886.224975586	1
464	-791543.4892	-1168661.9313	886.450012207	1
468	-791549.4892	-1168667.9313	886.424987793	1
6	-791547.4892	-1168667.9313	886.776672363	1
469	-791549.4892	-1168669.9313	886.572570801	1
477	-791557.4892	-1168681.9313	886.359985352	1
17	-791559.4892	-1168685.9313	886.281738281	1
482	-791571.4892	-1168689.9313	885.539978027	1
487	-791587.4892	-1168695.9313	884.816955566	1
61	-791613.4892	-1168701.9313	883.145019531	1
428	-791565.4892	-1168447.9313	868.186645508	1
430	-791563.4892	-1168459.9313	869.035644531	1
29	-791795.4892	-1168689.9313	871.559997559	1
518	-791863.4892	-1168673.9313	868.07824707	1
519	-791873.4892	-1168673.9313	867.530029297	1
533	-791943.4892	-1168657.9313	862.36907959	1
60	-791943.4892	-1168659.9313	862.559997559	1
534	-791951.4892	-1168657.9313	861.965515137	1
588	-792135.4892	-1168601.9313	857.859069824	1
594	-792155.4892	-1168593.9313	857.587280273	1
59	-792155.4892	-1168595.9313	857.559997559	1
595	-792161.4892	-1168593.9313	857.690002441	1
58	-792225.4892	-1168565.9313	858.146606445	1
620	-792219.4892	-1168567.9313	858.19708252	1
616	-792211.4892	-1168571.9313	858.140014648	1
612	-792203.4892	-1168575.9313	858.037414551	1
608	-792195.4892	-1168579.9313	858	1
597	-792167.4892	-1168591.9313	857.559997559	1
584	-792121.4892	-1168605.9313	858.200012207	1
576	-792095.4892	-1168613.9313	858.416687012	1
572	-792083.4892	-1168617.9313	858.467895508	1
565	-792057.4892	-1168625.9313	858.736999512	1
557	-792031.4892	-1168633.9313	859.502746582	1
549	-792005.4892	-1168641.9313	859.809997559	1
541	-791979.4892	-1168649.9313	860.848693848	1
536	-791959.4892	-1168655.9313	861.557434082	1
531	-791933.4892	-1168661.9313	863.049987793	1
529	-791923.4892	-1168663.9313	863.709899902	1
527	-791913.4892	-1168665.9313	864.447631836	1
523	-791893.4892	-1168669.9313	865.859985352	1
394	-791601.4892	-1168247.9313	860.827026367	1
395	-791599.4892	-1168247.9313	860.817199707	1
393	-791601.4892	-1168245.9313	860.753356934	1
382	-791613.4892	-1168227.9313	860.52130127	1
381	-791615.4892	-1168227.9313	860.496643066	1
380	-791615.4892	-1168225.9313	860.590026855	1
378	-791617.4892	-1168221.9313	860.484985352	1
377	-791619.4892	-1168221.9313	860.380004883	1
375	-791621.4892	-1168219.9313	860.33001709	1
376	-791619.4892	-1168219.9313	860.440185547	1
374	-791621.4892	-1168215.9313	860.559997559	1
373	-791623.4892	-1168215.9313	860.280029297	1
371	-791625.4892	-1168213.9313	860.297851563	1
372	-791623.4892	-1168213.9313	860.299987793	1
370	-791625.4892	-1168209.9313	860.329833984	1
369	-791627.4892	-1168209.9313	860.190002441	1
367	-791629.4892	-1168207.9313	860.276672363	1
368	-791627.4892	-1168207.9313	860.289978027	1
41	-791629.4892	-1168203.9313	860.200012207	1
366	-791631.4892	-1168203.9313	860.215759277	1
364	-791633.4892	-1168201.9313	860.171142578	1
365	-791631.4892	-1168201.9313	860.200012207	1
306	-791695.4892	-1168139.9313	860.886779785	1
305	-791697.4892	-1168139.9313	860.83605957	1
303	-791699.4892	-1168137.9313	860.864990234	1
301	-791701.4892	-1168135.9313	860.817321777	1
302	-791699.4892	-1168135.9313	860.891906738	1
299	-791703.4892	-1168133.9313	860.780029297	1
300	-791701.4892	-1168133.9313	860.857055664	1
297	-791705.4892	-1168131.9313	860.909973145	1
298	-791703.4892	-1168131.9313	860.859985352	1
290	-791715.4892	-1168123.9313	861.002563477	1
295	-791707.4892	-1168129.9313	861.010314941	1
296	-791705.4892	-1168129.9313	860.958251953	1
293	-791709.4892	-1168127.9313	861.002319336	1
291	-791711.4892	-1168125.9313	861.030029297	1
292	-791709.4892	-1168125.9313	861.000427246	1
39	-791711.4892	-1168123.9313	861.01385498	1
214	-791807.4892	-1168047.9313	855.834533691	1
213	-791807.4892	-1168045.9313	855.836303711	1
212	-791809.4892	-1168045.9313	855.75390625	1
216	-791805.4892	-1168049.9313	855.969970703	1
215	-791805.4892	-1168047.9313	855.931030273	1
218	-791803.4892	-1168051.9313	856.081604004	1
217	-791803.4892	-1168049.9313	856.119995117	1
220	-791801.4892	-1168053.9313	856.143249512	1
219	-791801.4892	-1168051.9313	856.129272461	1
222	-791799.4892	-1168055.9313	856.212158203	1
221	-791799.4892	-1168053.9313	856.184020996	1
224	-791797.4892	-1168057.9313	856.289672852	1
223	-791797.4892	-1168055.9313	856.215026855	1
226	-791795.4892	-1168059.9313	856.309997559	1
225	-791795.4892	-1168057.9313	856.289001465	1
227	-791793.4892	-1168059.9313	856.359375	1
262	-791755.4892	-1168095.9313	859.585021973	1
264	-791751.4892	-1168097.9313	859.71081543	1
263	-791751.4892	-1168095.9313	859.621887207	1
266	-791749.4892	-1168099.9313	859.875427246	1
265	-791749.4892	-1168097.9313	859.780578613	1
267	-791747.4892	-1168099.9313	859.957336426	1
270	-791743.4892	-1168103.9313	860.219299316	1
269	-791743.4892	-1168101.9313	860.155212402	1
271	-791741.4892	-1168103.9313	860.239990234	1
274	-791737.4892	-1168107.9313	860.331115723	1
273	-791737.4892	-1168105.9313	860.353759766	1
275	-791735.4892	-1168107.9313	860.362426758	1
278	-791731.4892	-1168111.9313	860.537536621	1
277	-791731.4892	-1168109.9313	860.541259766	1
280	-791729.4892	-1168113.9313	860.615112305	1
279	-791729.4892	-1168111.9313	860.614440918	1
282	-791725.4892	-1168115.9313	860.641540527	1
281	-791725.4892	-1168113.9313	860.530029297	1
284	-791723.4892	-1168117.9313	860.73626709	1
283	-791723.4892	-1168115.9313	860.703491211	1
286	-791719.4892	-1168119.9313	860.89831543	1
285	-791719.4892	-1168117.9313	860.890136719	1
288	-791717.4892	-1168121.9313	860.952758789	1
287	-791717.4892	-1168119.9313	860.936889648	1
261	-791755.4892	-1168093.9313	859.418701172	1
260	-791757.4892	-1168093.9313	859.309997559	1
259	-791757.4892	-1168091.9313	859.265136719	1
256	-791763.4892	-1168089.9313	858.940124512	1
255	-791763.4892	-1168087.9313	858.881713867	1
257	-791761.4892	-1168089.9313	859.029968262	1
211	-791813.4892	-1168043.9313	855.590026855	1
210	-791813.4892	-1168041.9313	855.586120605	1
207	-791819.4892	-1168039.9313	855.353210449	1
206	-791819.4892	-1168037.9313	855.252990723	1
203	-791825.4892	-1168035.9313	855.200012207	1
204	-791823.4892	-1168035.9313	855.168762207	1
202	-791825.4892	-1168033.9313	855.139038086	1
199	-791831.4892	-1168031.9313	854.760009766	1
200	-791829.4892	-1168031.9313	854.992675781	1
198	-791831.4892	-1168029.9313	854.864807129	1
195	-791837.4892	-1168027.9313	854.619262695	1
196	-791835.4892	-1168027.9313	854.698852539	1
193	-791841.4892	-1168025.9313	854.446533203	1
194	-791837.4892	-1168025.9313	854.58001709	1
192	-791841.4892	-1168023.9313	854.420166016	1
189	-791847.4892	-1168021.9313	854.201660156	1
190	-791845.4892	-1168021.9313	854.260009766	1
188	-791847.4892	-1168019.9313	854.19354248	1
185	-791853.4892	-1168017.9313	854.069396973	1
186	-791851.4892	-1168017.9313	854.083190918	1
183	-791855.4892	-1168015.9313	854.078063965	1
184	-791853.4892	-1168015.9313	854.099975586	1
181	-791857.4892	-1168013.9313	854.070007324	1
182	-791855.4892	-1168013.9313	854.130004883	1
157	-791887.4892	-1167989.9313	853.278503418	1
159	-791885.4892	-1167991.9313	853.260009766	1
158	-791885.4892	-1167989.9313	853.283935547	1
161	-791883.4892	-1167993.9313	853.239990234	1
156	-791887.4892	-1167987.9313	853.317504883	1
153	-791893.4892	-1167985.9313	853.29498291	1
154	-791891.4892	-1167985.9313	853.239990234	1
151	-791895.4892	-1167983.9313	853.210021973	1
152	-791893.4892	-1167983.9313	853.239746094	1
149	-791897.4892	-1167981.9313	853.246826172	1
150	-791895.4892	-1167981.9313	853.244262695	1
147	-791899.4892	-1167979.9313	853.310791016	1
148	-791897.4892	-1167979.9313	853.260009766	1
146	-791899.4892	-1167977.9313	853.380004883	1
143	-791905.4892	-1167975.9313	853.324645996	1
144	-791903.4892	-1167975.9313	853.356323242	1
141	-791907.4892	-1167973.9313	853.308105469	1
142	-791905.4892	-1167973.9313	853.32434082	1
139	-791909.4892	-1167971.9313	853.380004883	1
140	-791907.4892	-1167971.9313	853.330871582	1
137	-791911.4892	-1167969.9313	853.31628418	1
138	-791909.4892	-1167969.9313	853.327514648	1
136	-791911.4892	-1167967.9313	853.293395996	1
133	-791917.4892	-1167965.9313	853.244995117	1
134	-791915.4892	-1167965.9313	853.244995117	1
131	-791919.4892	-1167963.9313	853.21697998	1
132	-791917.4892	-1167963.9313	853.214477539	1
129	-791921.4892	-1167961.9313	853.186584473	1
130	-791919.4892	-1167961.9313	853.20703125	1
123	-791929.4892	-1167955.9313	852.930541992	1
23	-791929.4892	-1167953.9313	852.869995117	1
125	-791927.4892	-1167957.9313	853.046386719	1
124	-791927.4892	-1167955.9313	852.989990234	1
126	-791925.4892	-1167957.9313	853.060180664	1
128	-791921.4892	-1167959.9313	853.179992676	1
160	-791883.4892	-1167991.9313	853.266662598	1
162	-791881.4892	-1167993.9313	853.340209961	1
164	-791877.4892	-1167995.9313	853.527893066	1
165	-791877.4892	-1167997.9313	853.570922852	1
167	-791875.4892	-1167999.9313	853.565368652	1
169	-791873.4892	-1168001.9313	853.567565918	1
168	-791873.4892	-1167999.9313	853.564147949	1
170	-791871.4892	-1168001.9313	853.567504883	1
172	-791867.4892	-1168003.9313	853.631164551	1
173	-791867.4892	-1168005.9313	853.710021973	1
175	-791865.4892	-1168007.9313	853.776062012	1
177	-791863.4892	-1168009.9313	853.780029297	1
176	-791863.4892	-1168007.9313	853.789978027	1
178	-791861.4892	-1168009.9313	853.861694336	1
174	-791865.4892	-1168005.9313	853.758972168	1
166	-791875.4892	-1167997.9313	853.58215332	1
180	-791857.4892	-1168011.9313	854.059387207	1
208	-791817.4892	-1168039.9313	855.463623047	1
53	-791809.4892	-1168043.9313	855.754455566	1
289	-791715.4892	-1168121.9313	860.980285645	1
294	-791707.4892	-1168127.9313	860.979248047	1
304	-791697.4892	-1168137.9313	860.950012207	1
21	-791633.4892	-1168199.9313	860.130004883	1
363	-791637.4892	-1168199.9313	860.039978027	1
359	-791641.4892	-1168195.9313	860.030029297	1
361	-791639.4892	-1168197.9313	860.099975586	1
360	-791639.4892	-1168195.9313	860.16998291	1
358	-791641.4892	-1168193.9313	860.089172363	1
362	-791637.4892	-1168197.9313	860.115905762	1
397	-791597.4892	-1168251.9313	860.835693359	1
391	-791603.4892	-1168241.9313	860.668151855	1
386	-791609.4892	-1168233.9313	860.614990234	1
384	-791611.4892	-1168231.9313	860.596679688	1
352	-791647.4892	-1168187.9313	860.184692383	1
338	-791661.4892	-1168173.9313	860.359985352	1
322	-791679.4892	-1168157.9313	860.605773926	1
320	-791681.4892	-1168155.9313	860.58001709	1
318	-791683.4892	-1168153.9313	860.679992676	1
316	-791685.4892	-1168151.9313	860.652709961	1
314	-791687.4892	-1168149.9313	860.770019531	1
312	-791689.4892	-1168147.9313	860.651245117	1
310	-791691.4892	-1168145.9313	860.66998291	1
308	-791693.4892	-1168143.9313	860.786682129	1
253	-791767.4892	-1168085.9313	858.632995605	1
251	-791769.4892	-1168083.9313	858.397705078	1
249	-791771.4892	-1168081.9313	858.141967773	1
247	-791773.4892	-1168079.9313	857.891052246	1
245	-791775.4892	-1168077.9313	857.745300293	1
243	-791777.4892	-1168075.9313	857.639343262	1
241	-791779.4892	-1168073.9313	857.630004883	1
239	-791781.4892	-1168071.9313	857.47277832	1
237	-791783.4892	-1168069.9313	857.270751953	1
235	-791785.4892	-1168067.9313	857.210021973	1
233	-791787.4892	-1168065.9313	857.010009766	1
231	-791789.4892	-1168063.9313	856.940002441	1
229	-791791.4892	-1168061.9313	856.614074707	1
121	-791933.4892	-1167951.9313	852.817321777	1
118	-791939.4892	-1167947.9313	852.739990234	1
114	-791945.4892	-1167943.9313	852.599975586	1
112	-791949.4892	-1167941.9313	852.26751709	1
108	-791957.4892	-1167937.9313	851.76385498	1
102	-791967.4892	-1167931.9313	850.849975586	1
94	-791979.4892	-1167923.9313	849.99597168	1
90	-791985.4892	-1167919.9313	849.479309082	1
86	-791991.4892	-1167915.9313	848.895507813	1
80	-791999.4892	-1167909.9313	847.980041504	1
34	-792029.4892	-1167899.9313	846.237182617	1
30	-792037.4892	-1167897.9313	845.309997559	1
69	-792055.4892	-1167895.9313	843.815185547	1
32	-792089.4892	-1167891.9313	840.109130859	1
11	-792205.4892	-1167891.9313	824.978027344	1
949	-792501.4892	-1167943.9313	798.994140625	1
951	-792499.4892	-1167941.9313	798.977355957	1
950	-792501.4892	-1167941.9313	798.949035645	1
952	-792493.4892	-1167939.9313	799.001647949	1
948	-792503.4892	-1167947.9313	798.984008789	1
953	-792485.4892	-1167937.9313	799.222595215	1
52	-792493.4892	-1167937.9313	798.945739746	1
955	-792479.4892	-1167935.9313	799.466125488	1
954	-792485.4892	-1167935.9313	799.224487305	1
957	-792471.4892	-1167933.9313	799.610900879	1
956	-792479.4892	-1167933.9313	799.398986816	1
942	-792509.4892	-1167953.9313	799.184509277	1
959	-792465.4892	-1167931.9313	799.200012207	1
961	-792457.4892	-1167929.9313	799.648010254	1
963	-792451.4892	-1167927.9313	800.018859863	1
965	-792443.4892	-1167925.9313	800.593200684	1
964	-792451.4892	-1167925.9313	800.049987793	1
967	-792437.4892	-1167923.9313	801.109985352	1
966	-792443.4892	-1167923.9313	800.520019531	1
968	-792429.4892	-1167921.9313	801.752990723	1
35	-792437.4892	-1167921.9313	800.940002441	1
969	-792417.4892	-1167919.9313	802.979980469	1
970	-792403.4892	-1167917.9313	804.186950684	1
972	-792391.4892	-1167915.9313	805.530029297	1
974	-792379.4892	-1167913.9313	806.539978027	1
973	-792391.4892	-1167913.9313	805.325622559	1
975	-792379.4892	-1167911.9313	806.299987793	1
971	-792403.4892	-1167915.9313	804.235900879	1
62	-792417.4892	-1167917.9313	802.909973145	1
15	-792429.4892	-1167919.9313	801.657653809	1
962	-792457.4892	-1167927.9313	799.495544434	1
960	-792465.4892	-1167929.9313	799.614990234	1
958	-792471.4892	-1167931.9313	799.690002441	1
940	-792511.4892	-1167955.9313	799.210021973	1
941	-792511.4892	-1167953.9313	799.114746094	1
930	-792521.4892	-1167965.9313	799.104980469	1
24	-792523.4892	-1167965.9313	799.111328125	1
929	-792523.4892	-1167969.9313	799.099975586	1
932	-792519.4892	-1167963.9313	799.175720215	1
928	-792525.4892	-1167975.9313	799.451416016	1
934	-792517.4892	-1167961.9313	799.246643066	1
936	-792515.4892	-1167959.9313	799.170654297	1
938	-792513.4892	-1167957.9313	799.066650391	1
939	-792513.4892	-1167955.9313	799.159973145	1
924	-792529.4892	-1167985.9313	799.574462891	1
926	-792527.4892	-1167979.9313	799.340026855	1
927	-792527.4892	-1167975.9313	799.359985352	1
922	-792531.4892	-1167989.9313	799.65246582	1
923	-792531.4892	-1167985.9313	799.532409668	1
920	-792533.4892	-1167995.9313	799.903320313	1
918	-792535.4892	-1167999.9313	799.950012207	1
919	-792535.4892	-1167995.9313	799.854248047	1
916	-792537.4892	-1168005.9313	799.835021973	1
914	-792539.4892	-1168009.9313	799.83001709	1
915	-792539.4892	-1168005.9313	799.770385742	1
912	-792541.4892	-1168015.9313	799.729980469	1
891	-792563.4892	-1168073.9313	800.703430176	1
895	-792559.4892	-1168063.9313	800.556396484	1
897	-792557.4892	-1168057.9313	800.374389648	1
901	-792553.4892	-1168047.9313	800.289978027	1
903	-792551.4892	-1168041.9313	800.059997559	1
907	-792547.4892	-1168031.9313	801.671386719	1
909	-792545.4892	-1168025.9313	799.99395752	1
910	-792543.4892	-1168019.9313	799.626464844	1
899	-792555.4892	-1168051.9313	800.280029297	1
900	-792555.4892	-1168047.9313	800.208557129	1
911	-792543.4892	-1168015.9313	799.685424805	1
937	-792515.4892	-1167957.9313	799.094970703	1
935	-792517.4892	-1167959.9313	799.059997559	1
933	-792519.4892	-1167961.9313	799.120544434	1
931	-792521.4892	-1167963.9313	799.059997559	1
28	-792525.4892	-1167969.9313	799.130004883	1
946	-792505.4892	-1167949.9313	799.023864746	1
945	-792507.4892	-1167949.9313	799.039978027	1
944	-792507.4892	-1167951.9313	799.151977539	1
947	-792505.4892	-1167947.9313	798.971313477	1
943	-792509.4892	-1167951.9313	799.102355957	1
36	-792503.4892	-1167943.9313	798.940002441	1
5	-792499.4892	-1167939.9313	798.923461914	1
988	-792291.4892	-1167897.9313	815.07623291	1
986	-792303.4892	-1167899.9313	813.26953125	1
51	-792317.4892	-1167901.9313	811.834350586	1
851	-792555.4892	-1168285.9313	815.427490234	1
862	-792565.4892	-1168269.9313	812.771850586	1
864	-792567.4892	-1168267.9313	812.423034668	1
863	-792567.4892	-1168269.9313	812.586608887	1
824	-792527.4892	-1168323.9313	822.508178711	1
823	-792527.4892	-1168325.9313	822.633789063	1
796	-792499.4892	-1168365.9313	829.75378418	1
787	-792489.4892	-1168379.9313	832.055725098	1
792	-792495.4892	-1168371.9313	830.659423828	1
789	-792491.4892	-1168377.9313	831.701599121	1
791	-792493.4892	-1168375.9313	831.336669922	1
42	-792495.4892	-1168375.9313	831.226989746	1
794	-792497.4892	-1168369.9313	830.25769043	1
795	-792499.4892	-1168369.9313	830.136230469	1
785	-792487.4892	-1168383.9313	832.722290039	1
783	-792485.4892	-1168385.9313	833.098083496	1
781	-792483.4892	-1168387.9313	833.369262695	1
780	-792483.4892	-1168391.9313	834.135009766	1
779	-792481.4892	-1168391.9313	834.089050293	1
777	-792479.4892	-1168393.9313	834.412231445	1
771	-792473.4892	-1168401.9313	835.665588379	1
773	-792475.4892	-1168399.9313	835.497070313	1
775	-792477.4892	-1168397.9313	834.97467041	1
776	-792479.4892	-1168397.9313	834.804321289	1
770	-792473.4892	-1168405.9313	835.926513672	1
769	-792471.4892	-1168405.9313	836.028076172	1
767	-792469.4892	-1168407.9313	836.450012207	1
762	-792463.4892	-1168415.9313	837.881286621	1
764	-792465.4892	-1168413.9313	837.39251709	1
766	-792467.4892	-1168411.9313	836.957763672	1
56	-792469.4892	-1168411.9313	836.848876953	1
765	-792467.4892	-1168413.9313	837.255859375	1
20	-792463.4892	-1168419.9313	837.960021973	1
761	-792461.4892	-1168419.9313	838.258728027	1
759	-792459.4892	-1168421.9313	838.906005859	1
760	-792461.4892	-1168421.9313	838.653869629	1
757	-792457.4892	-1168423.9313	839.180358887	1
758	-792459.4892	-1168423.9313	839.109985352	1
755	-792455.4892	-1168425.9313	839.320007324	1
756	-792457.4892	-1168425.9313	839.276245117	1
753	-792453.4892	-1168427.9313	839.633544922	1
754	-792455.4892	-1168427.9313	839.533569336	1
751	-792451.4892	-1168429.9313	839.739990234	1
752	-792453.4892	-1168429.9313	839.951599121	1
749	-792449.4892	-1168431.9313	840.171630859	1
750	-792451.4892	-1168431.9313	840.224060059	1
747	-792447.4892	-1168433.9313	840.588806152	1
748	-792449.4892	-1168433.9313	840.630004883	1
735	-792435.4892	-1168445.9313	842.513183594	1
733	-792433.4892	-1168447.9313	842.982910156	1
43	-792433.4892	-1168449.9313	843.067687988	1
772	-792475.4892	-1168401.9313	835.729980469	1
784	-792487.4892	-1168385.9313	833.044372559	1
803	-792507.4892	-1168357.9313	827.820007324	1
867	-792571.4892	-1168263.9313	811.51171875	1
12	-792583.4892	-1168247.9313	808.43560791	1
